date,open,high,low,adjClose,value,volume,count,yesterday,close,jdate
2015-01-27,9886.0,9886.0,9886.0,9886.0,1398020000,139802,21,9886.0,9886.0,1393-11-07
2015-01-28,9886.0,9886.0,9886.0,9886.0,563300000,56330,11,9886.0,9886.0,1393-11-08
2015-01-31,9886.0,9886.0,9886.0,9886.0,1042400000,104240,6,9886.0,9886.0,1393-11-11
2015-02-01,9886.0,9886.0,9886.0,9886.0,252000000,25200,4,9886.0,9886.0,1393-11-12
2015-02-02,9886.0,9886.0,9886.0,9886.0,10022900000,1002290,16,9886.0,9886.0,1393-11-13
2015-02-03,9886.0,9886.0,9886.0,9886.0,5013500000,501350,7,9886.0,9886.0,1393-11-14
2015-02-04,9886.0,9886.0,9886.0,9886.0,10120000000,1012000,12,9886.0,9886.0,1393-11-15
2015-02-07,9886.0,9886.0,9886.0,9886.0,52500000,5250,3,9886.0,9886.0,1393-11-18
2015-02-08,9886.0,9886.0,9886.0,9886.0,5000000000,500000,5,9886.0,9886.0,1393-11-19
2015-02-09,9886.0,9886.0,9886.0,9886.0,2854000000,285400,16,9886.0,9886.0,1393-11-20
2015-02-10,9886.0,9886.0,9886.0,9886.0,44078700000,4407870,60,9886.0,9886.0,1393-11-21
2015-03-02,9930.0,10123.0,9886.0,9930.0,2012116160,200309,4,9886.0,9886.0,1393-12-11
2015-03-04,9792.0,9798.0,9792.0,9793.0,9113705,920,4,9930.0,9797.0,1393-12-13
2015-03-07,9787.0,9787.0,9688.0,9705.0,5939500,605,3,9793.0,9688.0,1393-12-16
2015-03-14,9739.0,9739.0,9738.0,9738.0,985002600,100000,2,9705.0,9738.0,1393-12-23
2015-03-15,9886.0,9886.0,9886.0,9886.0,2000000,200,1,9738.0,9886.0,1393-12-24
2015-03-17,9698.0,9698.0,9688.0,9694.0,5883600,600,4,9886.0,9698.0,1393-12-26
2015-03-18,9881.0,9886.0,9787.0,9872.0,10985000,1100,7,9694.0,9876.0,1393-12-27
2015-03-25,9881.0,9886.0,9881.0,9885.0,21997000,2200,2,9872.0,9886.0,1394-01-05
2015-03-28,9888.0,9888.0,9888.0,9888.0,19903980,1990,1,9885.0,9888.0,1394-01-08
2015-03-29,9887.0,10469.0,9887.0,10378.0,1096780800,104480,11,9888.0,10469.0,1394-01-09
2015-03-30,10287.0,10287.0,10287.0,10287.0,7804500,750,2,10378.0,10287.0,1394-01-10
2015-03-31,10293.0,10293.0,10292.0,10293.0,246762700,23700,2,10287.0,10292.0,1394-01-11
2015-04-04,11072.0,11863.0,11072.0,11566.0,3173330841,271243,45,10293.0,11857.0,1394-01-15
2015-04-05,11768.0,12753.0,11768.0,11951.0,3867404100,319908,72,11566.0,11962.0,1394-01-16
2015-04-06,11418.0,11752.0,11369.0,11417.0,1248164400,108078,13,11951.0,11369.0,1394-01-17
2015-04-07,11270.0,11270.0,11072.0,11080.0,101778655,9081,11,11417.0,11123.0,1394-01-18
2015-04-08,11204.0,12159.0,11204.0,11642.0,1344627870,114183,35,11080.0,11643.0,1394-01-19
2015-04-11,12158.0,12158.0,11180.0,11478.0,1174805722,101187,7,11642.0,11479.0,1394-01-22
2015-04-12,11479.0,11479.0,10737.0,10897.0,115530941,10481,15,11478.0,11072.0,1394-01-23
2015-04-13,10782.0,11090.0,10776.0,11011.0,174269683,15646,9,10897.0,11090.0,1394-01-24
2015-04-14,10795.0,11270.0,10795.0,11137.0,121564080,10790,6,11011.0,11128.0,1394-01-25
2015-04-15,11230.0,11230.0,10875.0,11026.0,143279760,12847,4,11137.0,10875.0,1394-01-26
2015-04-18,10630.0,11181.0,10630.0,10974.0,134687120,12133,11,11026.0,10970.0,1394-01-29
2015-04-19,10538.0,10972.0,10538.0,10932.0,121638000,11000,6,10974.0,10972.0,1394-01-30
2015-04-20,10687.0,10862.0,10578.0,10615.0,968778400,90231,6,10932.0,10862.0,1394-01-31
2015-04-21,11002.0,11002.0,10863.0,10874.0,112233206,10204,5,10615.0,10874.0,1394-02-01
2015-04-22,11106.0,11106.0,10934.0,10954.0,8786762,793,6,10874.0,10934.0,1394-02-02
2015-04-25,10480.0,10845.0,10380.0,10657.0,213978491,19850,9,10954.0,10845.0,1394-02-05
2015-04-26,10430.0,10749.0,10430.0,10530.0,10770650280,1011132,14,10657.0,10749.0,1394-02-06
2015-04-27,10380.0,10593.0,10281.0,10564.0,121820000,11400,4,10530.0,10593.0,1394-02-07
2015-04-28,10281.0,10282.0,10281.0,10281.0,172017330,16540,7,10564.0,10281.0,1394-02-08
2015-04-29,10380.0,10610.0,10380.0,10578.0,127479800,11914,4,10281.0,10610.0,1394-02-09
2015-05-03,10380.0,10436.0,10380.0,10415.0,168560000,16000,3,10578.0,10436.0,1394-02-13
2015-05-04,10282.0,10282.0,10281.0,10281.0,1040000102,100000,3,10415.0,10281.0,1394-02-14
2015-05-05,10271.0,10430.0,10271.0,10333.0,50694500,4850,3,10281.0,10430.0,1394-02-15
2015-05-06,10306.0,10307.0,10306.0,10306.0,408047995,39141,46,10333.0,10307.0,1394-02-16
2015-05-09,10281.0,10281.0,10163.0,10237.0,67564450,6525,6,10306.0,10163.0,1394-02-19
2015-05-10,9985.0,10084.0,9891.0,10077.0,4366255860,428353,9,10237.0,10084.0,1394-02-20
2015-05-11,9985.0,10084.0,9985.0,10076.0,1114811800,109378,5,10077.0,10084.0,1394-02-21
2015-05-12,10084.0,10084.0,10018.0,10084.0,6161852286,604104,20,10076.0,10084.0,1394-02-22
2015-05-13,10084.0,10133.0,10084.0,10084.0,1033585400,101327,7,10084.0,10084.0,1394-02-23
2015-05-17,10084.0,10178.0,10084.0,10094.0,93119000,9120,4,10084.0,10178.0,1394-02-27
2015-05-18,9985.0,10084.0,9985.0,10078.0,31305000,3071,4,10094.0,10084.0,1394-02-28
2015-05-19,10232.0,10232.0,10232.0,10232.0,20700000,2000,2,10078.0,10232.0,1394-02-29
2015-05-23,10232.0,10232.0,10232.0,10232.0,20700000,2000,1,10232.0,10232.0,1394-03-02
2015-05-24,9892.0,9985.0,9892.0,9949.0,10063998,1000,3,10232.0,9985.0,1394-03-03
2015-05-25,9896.0,9896.0,9887.0,9892.0,67251721,6721,5,9949.0,9887.0,1394-03-04
2015-05-26,10173.0,10331.0,10173.0,10185.0,83595940,8114,5,9892.0,10331.0,1394-03-05
2015-05-31,9891.0,10173.0,9891.0,10031.0,3896640,384,3,10185.0,10173.0,1394-03-10
2015-06-01,10225.0,10225.0,10225.0,10225.0,103430000,10000,1,10031.0,10225.0,1394-03-11
2015-06-02,10237.0,10237.0,10237.0,10237.0,103550000,10000,1,10225.0,10237.0,1394-03-12
2015-06-06,10205.0,10205.0,10205.0,10205.0,103230000,10000,1,10237.0,10205.0,1394-03-16
2015-06-07,10132.0,10132.0,10132.0,10132.0,102490000,10000,1,10205.0,10132.0,1394-03-17
2015-06-08,10078.0,10078.0,10078.0,10078.0,101940000,10000,1,10132.0,10078.0,1394-03-18
2015-06-09,9614.0,9957.0,9614.0,9930.0,100453851,10000,2,10078.0,9957.0,1394-03-19
2015-06-10,10063.0,10100.0,10063.0,10095.0,102111670,10000,2,9930.0,10100.0,1394-03-20
2015-06-13,9886.0,10156.0,9886.0,10015.0,101311492,10000,6,10095.0,10156.0,1394-03-23
2015-06-14,10084.0,10108.0,10084.0,10108.0,102245100,10000,3,10015.0,10108.0,1394-03-24
2015-06-15,9985.0,10064.0,9985.0,10008.0,101240000,10000,4,10108.0,10064.0,1394-03-25
2015-06-16,10082.0,10082.0,10082.0,10082.0,6118800,600,1,10008.0,10082.0,1394-03-26
2015-06-17,10281.0,10401.0,10281.0,10389.0,105089000,10000,2,10082.0,10401.0,1394-03-27
2015-06-20,10281.0,10380.0,10281.0,10342.0,209216000,20000,3,10389.0,10380.0,1394-03-30
2015-06-21,10321.0,10327.0,10321.0,10324.0,104433600,10000,3,10342.0,10327.0,1394-03-31
2015-06-22,10367.0,10380.0,10367.0,10371.0,373117513,35565,4,10324.0,10380.0,1394-04-01
2015-06-23,10331.0,10380.0,10331.0,10370.0,62596000,5967,4,10371.0,10380.0,1394-04-02
2015-06-24,10380.0,10380.0,10380.0,10380.0,525000000,50000,1,10370.0,10380.0,1394-04-03
2015-06-27,10420.0,10420.0,10420.0,10420.0,105400000,10000,1,10380.0,10420.0,1394-04-06
2015-06-28,10308.0,10308.0,10308.0,10308.0,104270000,10000,1,10420.0,10308.0,1394-04-07
2015-06-29,9913.0,10378.0,9913.0,10365.0,104850004,10000,2,10308.0,10378.0,1394-04-08
2015-06-30,10449.0,10449.0,10331.0,10445.0,1649450990,156107,7,10365.0,10331.0,1394-04-09
2015-07-01,10182.0,10182.0,10182.0,10182.0,3605000000,350000,4,10445.0,10182.0,1394-04-10
2015-07-04,10578.0,10578.0,10479.0,10480.0,641350000,60500,3,10182.0,10479.0,1394-04-13
2015-07-05,10347.0,10347.0,10347.0,10347.0,2093200,200,1,10480.0,10347.0,1394-04-14
2015-07-06,10430.0,10706.0,10430.0,10435.0,538330000,51000,2,10347.0,10706.0,1394-04-15
2015-07-07,10775.0,10775.0,10498.0,10764.0,362084464,33256,9,10435.0,10775.0,1394-04-16
2015-07-11,10752.0,10755.0,10482.0,10729.0,119380200,11000,5,10764.0,10482.0,1394-04-20
2015-07-12,10511.0,10834.0,10479.0,10554.0,227542400,21314,5,10729.0,10834.0,1394-04-21
2015-07-13,11136.0,11210.0,10530.0,11050.0,2575431134,230402,17,10554.0,11048.0,1394-04-22
2015-07-14,10669.0,10959.0,10480.0,10834.0,1811839460,165327,27,11050.0,10956.0,1394-04-23
2015-07-15,10311.0,10676.0,10193.0,10313.0,138435950,13270,4,10834.0,10193.0,1394-04-24
2015-07-20,10666.0,10666.0,10666.0,10666.0,107890000,10000,1,10313.0,10666.0,1394-04-29
2015-07-21,10410.0,10410.0,10410.0,10410.0,3084237000,292900,3,10666.0,10410.0,1394-04-30
2015-07-22,10616.0,10616.0,10616.0,10616.0,107390000,10000,1,10410.0,10616.0,1394-04-31
2015-07-25,10380.0,10520.0,10380.0,10507.0,106283100,10000,2,10616.0,10520.0,1394-05-03
2015-07-26,10066.0,10067.0,10064.0,10064.0,1628806096,160000,6,10507.0,10064.0,1394-05-04
2015-07-27,10232.0,10400.0,10214.0,10327.0,2880858260,275782,12,10064.0,10331.0,1394-05-05
2015-07-28,10428.0,10428.0,10331.0,10363.0,1475705516,140767,5,10327.0,10331.0,1394-05-06
2015-07-29,10479.0,10517.0,10479.0,10515.0,595637524,56000,4,10363.0,10517.0,1394-05-07
2015-08-01,10478.0,10479.0,10478.0,10479.0,1165990000,110000,3,10515.0,10479.0,1394-05-10
2015-08-02,10405.0,10405.0,10405.0,10405.0,1052500000,100000,1,10479.0,10405.0,1394-05-11
2015-08-03,10182.0,10428.0,10182.0,10419.0,105393200,10000,2,10405.0,10428.0,1394-05-12
2015-08-04,10380.0,10380.0,10380.0,10380.0,1443750000,137500,3,10419.0,10380.0,1394-05-13
2015-08-05,10390.0,10390.0,10390.0,10390.0,105100000,10000,1,10380.0,10390.0,1394-05-14
2015-08-08,10281.0,10312.0,10182.0,10303.0,104222848,10000,5,10390.0,10312.0,1394-05-17
2015-08-09,10252.0,10252.0,10252.0,10252.0,103700000,10000,1,10303.0,10252.0,1394-05-18
2015-08-10,10224.0,10224.0,10224.0,10224.0,103420000,10000,1,10252.0,10224.0,1394-05-19
2015-08-12,10133.0,10133.0,10133.0,10133.0,102500000,10000,1,10224.0,10133.0,1394-05-21
2015-08-15,10047.0,10047.0,10047.0,10047.0,101630000,10000,1,10133.0,10047.0,1394-05-24
2015-08-16,10078.0,10380.0,10078.0,10198.0,257904720,25000,5,10047.0,10380.0,1394-05-25
2015-08-17,10078.0,10078.0,10020.0,10021.0,102379400,10100,2,10198.0,10020.0,1394-05-26
2015-08-18,9886.0,10007.0,9886.0,9992.0,101070674,10000,6,10021.0,9999.0,1394-05-27
2015-08-19,9896.0,10003.0,9896.0,9999.0,101137340,10000,2,9992.0,10003.0,1394-05-28
2015-08-22,9896.0,9896.0,8997.0,9708.0,168330032,17142,15,9999.0,8997.0,1394-05-31
2015-08-23,9552.0,10029.0,9507.0,9559.0,2923054686,302298,33,9708.0,9507.0,1394-06-01
2015-08-24,9490.0,9490.0,9490.0,9490.0,9600000,1000,1,9559.0,9490.0,1394-06-02
2015-08-25,9377.0,9755.0,9377.0,9414.0,95233000,10000,2,9490.0,9755.0,1394-06-03
2015-08-26,9755.0,9826.0,9755.0,9819.0,99319000,10000,2,9414.0,9826.0,1394-06-04
2015-08-29,9910.0,9959.0,9910.0,9917.0,10011352,998,2,9819.0,9959.0,1394-06-07
2015-08-30,9871.0,9871.0,9871.0,9871.0,99850000,10000,1,9917.0,9871.0,1394-06-08
2015-08-31,9813.0,9813.0,9813.0,9813.0,99260000,10000,1,9871.0,9813.0,1394-06-09
2015-09-01,9886.0,9886.0,9836.0,9837.0,99513800,10000,3,9813.0,9836.0,1394-06-10
2015-09-02,9420.0,9838.0,9420.0,9809.0,178716270,18012,8,9837.0,9838.0,1394-06-11
2015-09-05,9925.0,9925.0,9925.0,9925.0,100400000,10000,1,9809.0,9925.0,1394-06-14
2015-09-06,9924.0,9924.0,9924.0,9924.0,100390000,10000,1,9925.0,9924.0,1394-06-15
2015-09-07,9875.0,9875.0,9875.0,9875.0,99890000,10000,1,9924.0,9875.0,1394-06-16
2015-09-08,9886.0,9886.0,9886.0,9886.0,100000000,10000,1,9875.0,9886.0,1394-06-17
2015-09-09,9688.0,9692.0,9688.0,9692.0,98038000,10000,2,9886.0,9692.0,1394-06-18
2015-09-12,9624.0,9624.0,9624.0,9624.0,97350000,10000,1,9692.0,9624.0,1394-06-21
2015-09-13,9392.0,9438.0,9392.0,9434.0,95428029,10000,2,9624.0,9438.0,1394-06-22
2015-09-14,9435.0,9502.0,9435.0,9500.0,96102900,10000,4,9434.0,9502.0,1394-06-23
2015-09-15,9385.0,9385.0,9385.0,9385.0,94930000,10000,1,9500.0,9385.0,1394-06-24
2015-09-16,9395.0,9395.0,9395.0,9395.0,95030000,10000,1,9385.0,9395.0,1394-06-25
2015-09-19,9395.0,9395.0,9395.0,9395.0,95030000,10000,1,9395.0,9395.0,1394-06-28
2015-09-20,9194.0,9201.0,9194.0,9200.0,93057400,10000,3,9395.0,9201.0,1394-06-29
2015-09-21,9095.0,9268.0,9095.0,9266.0,98335625,10491,4,9200.0,9268.0,1394-06-30
2015-09-22,9350.0,9350.0,9350.0,9350.0,94580000,10000,1,9266.0,9350.0,1394-06-31
2015-09-23,9409.0,9410.0,9364.0,9395.0,95026607,10000,8,9350.0,9392.0,1394-07-01
2015-09-26,9247.0,9247.0,9247.0,9247.0,93540000,10000,1,9395.0,9247.0,1394-07-04
2015-09-27,9289.0,9293.0,9289.0,9293.0,93996400,10000,2,9247.0,9293.0,1394-07-05
2015-09-28,9095.0,9354.0,9095.0,9354.0,94638400,10002,2,9293.0,9354.0,1394-07-06
2015-09-29,9377.0,9377.0,9377.0,9377.0,94850000,10000,1,9354.0,9377.0,1394-07-07
2015-09-30,9342.0,9342.0,9342.0,9342.0,94500000,10000,2,9377.0,9342.0,1394-07-08
2015-10-03,9202.0,9202.0,9202.0,9202.0,93080000,10000,1,9342.0,9202.0,1394-07-11
2015-10-04,9266.0,9266.0,9266.0,9266.0,93730000,10000,1,9202.0,9266.0,1394-07-12
2015-10-05,9286.0,9286.0,9286.0,9286.0,93930000,10000,1,9266.0,9286.0,1394-07-13
2015-10-06,9144.0,9275.0,8996.0,9215.0,132896600,14258,6,9286.0,9275.0,1394-07-14
2015-10-07,9297.0,9297.0,9297.0,9297.0,94040000,10000,1,9215.0,9297.0,1394-07-15
2015-10-10,9204.0,9204.0,9204.0,9204.0,93100000,10000,1,9297.0,9204.0,1394-07-18
2015-10-11,9225.0,9225.0,9225.0,9225.0,93310000,10000,1,9204.0,9225.0,1394-07-19
2015-10-12,9228.0,9263.0,9228.0,9261.0,93682000,10000,3,9225.0,9263.0,1394-07-20
2015-10-13,9395.0,9395.0,9395.0,9395.0,95030000,10000,1,9261.0,9395.0,1394-07-21
2015-10-14,9416.0,9416.0,9416.0,9416.0,95250000,10000,1,9395.0,9416.0,1394-07-22
2015-10-17,9523.0,9692.0,9523.0,9679.0,62449542,6378,19,9416.0,9692.0,1394-07-25
2015-10-18,9671.0,9671.0,9565.0,9602.0,97134480,10000,2,9679.0,9565.0,1394-07-26
2015-10-19,9539.0,9539.0,9539.0,9539.0,96490000,10000,1,9602.0,9539.0,1394-07-27
2015-10-20,9639.0,9639.0,9186.0,9583.0,96939654,10000,3,9539.0,9583.0,1394-07-28
2015-10-21,9575.0,9575.0,9575.0,9575.0,96850000,10000,1,9583.0,9575.0,1394-07-29
2015-10-25,9390.0,9390.0,9390.0,9390.0,94980000,10000,1,9575.0,9390.0,1394-08-03
2015-10-26,9444.0,9444.0,9444.0,9444.0,95530000,10000,1,9390.0,9444.0,1394-08-04
2015-10-27,9443.0,9443.0,9443.0,9443.0,95520000,10000,1,9444.0,9443.0,1394-08-05
2015-10-28,9441.0,9441.0,9441.0,9441.0,95500000,10000,1,9443.0,9441.0,1394-08-06
2015-10-31,9442.0,9442.0,9442.0,9442.0,95510000,10000,1,9441.0,9442.0,1394-08-09
2015-11-01,9469.0,9469.0,9469.0,9469.0,95780000,10000,1,9442.0,9469.0,1394-08-10
2015-11-02,9441.0,9441.0,9441.0,9441.0,95500000,10000,1,9469.0,9441.0,1394-08-11
2015-11-03,9423.0,9423.0,9423.0,9423.0,95320000,10000,1,9441.0,9423.0,1394-08-12
2015-11-04,9457.0,9457.0,9457.0,9457.0,95660000,10000,1,9423.0,9457.0,1394-08-13
2015-11-07,9478.0,9478.0,9478.0,9478.0,95870000,10000,1,9457.0,9478.0,1394-08-16
2015-11-08,9451.0,9451.0,9451.0,9451.0,95600000,10000,1,9478.0,9451.0,1394-08-17
2015-11-09,9416.0,9416.0,9416.0,9416.0,95250000,10000,1,9451.0,9416.0,1394-08-18
2015-11-10,9448.0,9448.0,9448.0,9448.0,95570000,10000,1,9416.0,9448.0,1394-08-19
2015-11-11,9293.0,9386.0,9293.0,9377.0,94846000,10000,2,9448.0,9386.0,1394-08-20
2015-11-14,9224.0,9224.0,9224.0,9224.0,86769000,9300,1,9377.0,9224.0,1394-08-23
2015-11-15,9354.0,9354.0,9354.0,9354.0,94620000,10000,1,9224.0,9354.0,1394-08-24
2015-11-16,9332.0,9361.0,9332.0,9350.0,5273519710,557590,6,9354.0,9361.0,1394-08-25
2015-11-17,9326.0,9326.0,9326.0,9326.0,94340000,10000,1,9350.0,9326.0,1394-08-26
2015-11-18,9348.0,9348.0,9348.0,9348.0,94560000,10000,1,9326.0,9348.0,1394-08-27
2015-11-21,9318.0,9318.0,9318.0,9318.0,94260000,10000,1,9348.0,9318.0,1394-08-30
2015-11-22,9297.0,9297.0,9297.0,9297.0,94040000,10000,1,9318.0,9297.0,1394-09-01
2015-11-23,9231.0,9231.0,9231.0,9231.0,93380000,10000,1,9297.0,9231.0,1394-09-02
2015-11-24,9252.0,9252.0,9252.0,9252.0,93590000,10000,1,9231.0,9252.0,1394-09-03
2015-11-25,9235.0,9235.0,9235.0,9235.0,93420000,10000,2,9252.0,9235.0,1394-09-04
2015-11-28,9188.0,9188.0,9188.0,9188.0,92940000,10000,1,9235.0,9188.0,1394-09-07
2015-11-29,9138.0,9140.0,9138.0,9140.0,92449152,10000,2,9188.0,9140.0,1394-09-08
2015-11-30,9191.0,9191.0,9191.0,9191.0,92970000,10000,1,9140.0,9191.0,1394-09-09
2015-12-01,9175.0,9175.0,9175.0,9175.0,92810000,10000,1,9191.0,9175.0,1394-09-10
2015-12-05,9225.0,9225.0,9139.0,9140.0,92448700,10000,2,9175.0,9139.0,1394-09-14
2015-12-06,9040.0,9040.0,9040.0,9040.0,91440000,10000,1,9140.0,9040.0,1394-09-15
2015-12-07,9017.0,9017.0,8987.0,8987.0,90913000,10000,2,9040.0,8987.0,1394-09-16
2015-12-08,9034.0,9034.0,9034.0,9034.0,91380000,10000,1,8987.0,9034.0,1394-09-17
2015-12-09,9050.0,9050.0,9050.0,9050.0,91540000,10000,1,9034.0,9050.0,1394-09-18
2015-12-13,8968.0,8968.0,8968.0,8968.0,90710000,10000,1,9050.0,8968.0,1394-09-22
2015-12-14,9022.0,9022.0,9022.0,9022.0,91260000,10000,1,8968.0,9022.0,1394-09-23
2015-12-15,9076.0,9076.0,9076.0,9076.0,91810000,10000,1,9022.0,9076.0,1394-09-24
2015-12-16,9086.0,9086.0,9027.0,9028.0,91319000,10000,2,9076.0,9027.0,1394-09-25
2015-12-19,8995.0,8995.0,8426.0,8480.0,3004029640,350200,51,9028.0,8426.0,1394-09-28
2015-12-20,8361.0,8794.0,8361.0,8676.0,87762000,10000,3,8480.0,8794.0,1394-09-29
2015-12-21,8457.0,8457.0,8373.0,8395.0,290419640,34200,6,8676.0,8391.0,1394-09-30
2015-12-22,8677.0,8841.0,8677.0,8819.0,89214600,10000,3,8395.0,8841.0,1394-10-01
2015-12-23,8798.0,8841.0,8798.0,8837.0,89386200,10000,3,8819.0,8841.0,1394-10-02
2015-12-26,8433.0,8817.0,8433.0,8802.0,89041013,10000,2,8837.0,8817.0,1394-10-05
2015-12-27,8844.0,8844.0,8844.0,8844.0,89460000,10000,1,8802.0,8844.0,1394-10-06
2015-12-28,8865.0,8865.0,8865.0,8865.0,89670000,10000,1,8844.0,8865.0,1394-10-07
2015-12-30,8897.0,8947.0,8897.0,8946.0,90490000,10000,2,8865.0,8947.0,1394-10-09
2016-01-02,8896.0,8896.0,8896.0,8896.0,89990000,10000,1,8946.0,8896.0,1394-10-12
2016-01-03,8915.0,8915.0,8915.0,8915.0,90180000,10000,2,8896.0,8915.0,1394-10-13
2016-01-04,8926.0,8926.0,8926.0,8926.0,90290000,10000,1,8915.0,8926.0,1394-10-14
2016-01-05,9062.0,9062.0,9062.0,9062.0,91670000,10000,1,8926.0,9062.0,1394-10-15
2016-01-06,9117.0,9238.0,9117.0,9236.0,93425400,10000,2,9062.0,9238.0,1394-10-16
2016-01-09,8806.0,9170.0,8806.0,9166.0,92723200,10000,2,9236.0,9170.0,1394-10-19
2016-01-10,9170.0,9262.0,9170.0,9261.0,93678282,10000,2,9166.0,9262.0,1394-10-20
2016-01-11,9262.0,9342.0,9262.0,9340.0,94479595,10000,3,9261.0,9342.0,1394-10-21
2016-01-12,9194.0,9332.0,9194.0,9331.0,94386000,10000,2,9340.0,9332.0,1394-10-22
2016-01-13,9132.0,9569.0,9132.0,9535.0,96452190,10000,4,9331.0,9569.0,1394-10-23
2016-01-16,9594.0,9787.0,9594.0,9763.0,98762550,10000,6,9535.0,9787.0,1394-10-26
2016-01-17,9399.0,9685.0,9399.0,9672.0,97839197,10000,4,9763.0,9685.0,1394-10-27
2016-01-18,9816.0,9816.0,9816.0,9816.0,99290000,10000,1,9672.0,9816.0,1394-10-28
2016-01-19,9872.0,9922.0,9872.0,9918.0,100323500,10000,4,9816.0,9922.0,1394-10-29
2016-01-20,9935.0,9935.0,9935.0,9935.0,994950000,99000,4,9918.0,9935.0,1394-10-30
2016-01-23,10311.0,10327.0,10311.0,10322.0,104412000,10000,2,9935.0,10327.0,1394-11-03
2016-01-24,10430.0,10430.0,10430.0,10430.0,105500000,10000,1,10322.0,10430.0,1394-11-04
2016-01-25,10430.0,10430.0,10430.0,10430.0,105500000,10000,1,10430.0,10430.0,1394-11-05
2016-01-26,10430.0,10430.0,10430.0,10430.0,105500000,10000,6,10430.0,10430.0,1394-11-06
2016-01-27,10430.0,10430.0,10244.0,10428.0,770815140,73080,9,10430.0,10430.0,1394-11-07
2016-01-30,10005.0,10775.0,10005.0,10473.0,105936752,10000,4,10428.0,10775.0,1394-11-10
2016-01-31,10766.0,10776.0,10766.0,10774.0,108980000,10000,2,10473.0,10776.0,1394-11-11
2016-02-01,10756.0,10776.0,10677.0,10760.0,108844020,10000,9,10774.0,10776.0,1394-11-12
2016-02-02,10776.0,10875.0,10776.0,10842.0,112959000,10300,4,10760.0,10875.0,1394-11-13
2016-02-03,10875.0,10875.0,10875.0,10875.0,110000000,10000,4,10842.0,10875.0,1394-11-14
2016-02-06,10776.0,10875.0,10776.0,10867.0,109920000,10000,3,10875.0,10875.0,1394-11-17
2016-02-07,10875.0,10875.0,10821.0,10870.0,1181475900,107456,11,10867.0,10874.0,1394-11-18
2016-02-08,10824.0,10972.0,10632.0,10850.0,422101530,38462,6,10870.0,10972.0,1394-11-19
2016-02-09,11286.0,11705.0,11251.0,11430.0,1124496000,97260,18,10850.0,11260.0,1394-11-20
2016-02-10,11201.0,11557.0,11201.0,11409.0,115411340,10000,5,11430.0,11557.0,1394-11-21
2016-02-13,10990.0,11369.0,10973.0,11043.0,111702000,10000,4,11409.0,11369.0,1394-11-24
2016-02-14,10843.0,11327.0,10843.0,11310.0,114413812,10000,6,11043.0,11327.0,1394-11-25
2016-02-15,11517.0,11525.0,11517.0,11522.0,116548000,10000,2,11310.0,11525.0,1394-11-26
2016-02-16,11353.0,11353.0,11122.0,11349.0,117000000,10192,2,11522.0,11122.0,1394-11-27
2016-02-17,11072.0,11523.0,11072.0,11412.0,115442640,10000,5,11349.0,11523.0,1394-11-28
2016-02-20,11383.0,11458.0,11369.0,11406.0,207685400,18000,8,11412.0,11428.0,1394-12-01
2016-02-21,10973.0,11342.0,10898.0,11255.0,113853240,10000,5,11406.0,11342.0,1394-12-02
2016-02-22,10851.0,11468.0,10851.0,11249.0,162603040,14290,5,11255.0,11468.0,1394-12-03
2016-02-23,11527.0,11527.0,11418.0,11497.0,250361730,21527,5,11249.0,11462.0,1394-12-04
2016-02-24,11468.0,11482.0,11468.0,11469.0,243625500,21000,6,11497.0,11468.0,1394-12-05
2016-02-27,11468.0,11468.0,11468.0,11468.0,1284120000,110700,5,11469.0,11468.0,1394-12-08
2016-02-28,11468.0,11468.0,11449.0,11459.0,934269000,80600,7,11468.0,11449.0,1394-12-09
2016-02-29,11381.0,11381.0,11381.0,11381.0,115120000,10000,1,11459.0,11381.0,1394-12-10
2016-03-01,10942.0,11447.0,10942.0,11437.0,115691888,10000,2,11381.0,11447.0,1394-12-11
2016-03-02,11461.0,11461.0,11461.0,11461.0,115930000,10000,1,11437.0,11461.0,1394-12-12
2016-03-05,11108.0,11536.0,11108.0,11450.0,115824000,10000,2,11461.0,11536.0,1394-12-15
2016-03-06,11567.0,11611.0,11567.0,11582.0,117156800,10000,8,11450.0,11583.0,1394-12-16
2016-03-07,11369.0,11369.0,11369.0,11369.0,690000000,60000,3,11582.0,11369.0,1394-12-17
2016-03-08,11369.0,11468.0,11369.0,11467.0,1025337000,88400,5,11369.0,11468.0,1394-12-18
2016-03-09,11606.0,11732.0,11606.0,11712.0,118467181,10000,3,11467.0,11732.0,1394-12-19
2016-03-12,11715.0,11715.0,11419.0,11655.0,235774100,20000,8,11712.0,11715.0,1394-12-22
2016-03-14,11940.0,11940.0,11940.0,11940.0,120780000,10000,2,11655.0,11940.0,1394-12-24
2016-03-15,11991.0,11991.0,11884.0,11887.0,120235920,10000,3,11940.0,11884.0,1394-12-25
2016-03-16,11839.0,11839.0,11777.0,11802.0,373659400,31300,4,11887.0,11802.0,1394-12-26
2016-03-26,12039.0,12072.0,12039.0,12054.0,121925200,10000,2,11802.0,12072.0,1395-01-07
2016-03-27,12033.0,12033.0,11988.0,11992.0,121295696,10000,2,12054.0,11988.0,1395-01-08
2016-03-28,11413.0,11413.0,11413.0,11413.0,115450000,10000,1,11992.0,11413.0,1395-01-09
2016-03-29,11397.0,11397.0,11395.0,11395.0,115271942,10000,3,11413.0,11395.0,1395-01-10
2016-03-30,11510.0,11510.0,11509.0,11509.0,116422000,10000,2,11395.0,11509.0,1395-01-11
2016-04-02,11863.0,11980.0,11863.0,11975.0,121133626,10000,3,11509.0,11980.0,1395-01-14
2016-04-03,11863.0,11863.0,11271.0,11570.0,117043700,10000,9,11975.0,11817.0,1395-01-15
2016-04-04,11861.0,11861.0,11764.0,11766.0,120209600,10100,4,11570.0,11764.0,1395-01-16
2016-04-05,11323.0,11875.0,11323.0,11679.0,118145000,10000,4,11766.0,11875.0,1395-01-17
2016-04-06,11329.0,11820.0,11329.0,11331.0,114624800,10000,2,11679.0,11820.0,1395-01-18
2016-04-09,11301.0,11786.0,11301.0,11738.0,118729000,10000,3,11331.0,11786.0,1395-01-21
2016-04-10,11677.0,11677.0,11677.0,11677.0,118120000,10000,1,11738.0,11677.0,1395-01-22
2016-04-11,11567.0,11689.0,11567.0,11653.0,117868000,10000,2,11677.0,11689.0,1395-01-23
2016-04-12,11270.0,11632.0,11270.0,11617.0,117513600,10000,2,11653.0,11632.0,1395-01-24
2016-04-13,11270.0,11395.0,11171.0,11395.0,16147760000,1401000,3,11617.0,11395.0,1395-01-25
2016-04-16,11033.0,11276.0,11033.0,11252.0,113822610,10000,4,11395.0,11276.0,1395-01-28
2016-04-17,10875.0,11342.0,10845.0,11273.0,114030310,10000,4,11252.0,11342.0,1395-01-29
2016-04-18,11466.0,11467.0,11466.0,11467.0,115988000,10000,2,11273.0,11467.0,1395-01-30
2016-04-19,11418.0,11498.0,11418.0,11494.0,116269500,10000,2,11467.0,11498.0,1395-01-31
2016-04-20,11428.0,11428.0,11428.0,11428.0,115600000,10000,1,11494.0,11428.0,1395-02-01
2016-04-23,11501.0,11501.0,11501.0,11501.0,116340000,10000,1,11428.0,11501.0,1395-02-04
2016-04-24,11467.0,11654.0,11467.0,11590.0,117239500,10000,4,11501.0,11654.0,1395-02-05
2016-04-25,11693.0,11693.0,11693.0,11693.0,118280000,10000,1,11590.0,11693.0,1395-02-06
2016-04-26,11646.0,11659.0,11646.0,11653.0,117870000,10000,4,11693.0,11659.0,1395-02-07
2016-04-27,11418.0,11646.0,11418.0,11646.0,117795400,10000,4,11653.0,11646.0,1395-02-08
2016-04-30,11595.0,11595.0,11595.0,11595.0,117290000,10000,1,11646.0,11595.0,1395-02-11
2016-05-01,11491.0,11491.0,11491.0,11491.0,116240000,10000,1,11595.0,11491.0,1395-02-12
2016-05-02,11504.0,11504.0,11504.0,11504.0,116370000,10000,1,11491.0,11504.0,1395-02-13
2016-05-03,11404.0,11404.0,11404.0,11404.0,115360000,10000,1,11504.0,11404.0,1395-02-14
2016-05-04,11387.0,11387.0,11387.0,11387.0,115180000,10000,1,11404.0,11387.0,1395-02-15
2016-05-07,11280.0,11280.0,11280.0,11280.0,114100000,10000,1,11387.0,11280.0,1395-02-18
2016-05-08,11248.0,11248.0,11248.0,11248.0,113780000,10000,1,11280.0,11248.0,1395-02-19
2016-05-09,11230.0,11230.0,11230.0,11230.0,113600000,10000,1,11248.0,11230.0,1395-02-20
2016-05-10,11129.0,11129.0,11127.0,11129.0,5347025000,475000,7,11230.0,11127.0,1395-02-21
2016-05-11,11109.0,11109.0,11109.0,11109.0,112370000,10000,1,11129.0,11109.0,1395-02-22
2016-05-14,10934.0,11126.0,10660.0,10823.0,109475407,10000,3,11109.0,11126.0,1395-02-25
2016-05-15,11078.0,11078.0,11078.0,11078.0,112060000,10000,1,10823.0,11078.0,1395-02-26
2016-05-16,11079.0,11079.0,11079.0,11079.0,112070000,10000,1,11078.0,11079.0,1395-02-27
2016-05-17,11176.0,11176.0,11176.0,11176.0,113050000,10000,1,11079.0,11176.0,1395-02-28
2016-05-18,10683.0,11221.0,10683.0,11126.0,112539900,10000,2,11176.0,11221.0,1395-02-29
2016-05-21,11200.0,11200.0,11200.0,11200.0,113290000,10000,1,11126.0,11200.0,1395-03-01
2016-05-23,11255.0,11258.0,11255.0,11258.0,113877000,10000,2,11200.0,11258.0,1395-03-03
2016-05-24,11212.0,11212.0,11212.0,11212.0,113410000,10000,1,11258.0,11212.0,1395-03-04
2016-05-25,10578.0,11267.0,11266.0,11267.0,102002150,8950,2,11212.0,11267.0,1395-03-05
2016-05-28,11151.0,11151.0,11151.0,11151.0,112800000,10000,1,11267.0,11151.0,1395-03-08
2016-05-29,11116.0,11116.0,11116.0,11116.0,112440000,10000,1,11151.0,11116.0,1395-03-09
2016-05-30,11126.0,11126.0,11126.0,11126.0,112540000,10000,1,11116.0,11126.0,1395-03-10
2016-05-31,10725.0,11079.0,10725.0,11008.0,111354000,10000,3,11126.0,11079.0,1395-03-11
2016-06-01,11072.0,11072.0,11072.0,11072.0,112000000,10000,1,11008.0,11072.0,1395-03-12
2016-06-05,11101.0,11101.0,11101.0,11101.0,112290000,10000,1,11072.0,11101.0,1395-03-16
2016-06-06,11036.0,11036.0,11036.0,11036.0,111630000,10000,1,11101.0,11036.0,1395-03-17
2016-06-07,10988.0,10988.0,10875.0,10983.0,116650000,10500,2,11036.0,10875.0,1395-03-18
2016-06-08,10479.0,10932.0,10446.0,10655.0,107784516,10000,4,10983.0,10932.0,1395-03-19
2016-06-11,10772.0,10772.0,10772.0,10772.0,108960000,10000,1,10655.0,10772.0,1395-03-22
2016-06-12,10278.0,10752.0,10278.0,10717.0,108405540,10000,2,10772.0,10752.0,1395-03-23
2016-06-13,10724.0,10724.0,10724.0,10724.0,108480000,10000,1,10717.0,10724.0,1395-03-24
2016-06-14,10159.0,10610.0,10159.0,10593.0,107145352,10000,2,10724.0,10610.0,1395-03-25
2016-06-15,10164.0,10710.0,10142.0,10464.0,105851299,10000,5,10593.0,10710.0,1395-03-26
2016-06-18,10658.0,10658.0,10658.0,10658.0,107810000,10000,1,10464.0,10658.0,1395-03-29
2016-06-19,10143.0,10541.0,10133.0,10374.0,104944878,10000,7,10658.0,10541.0,1395-03-30
2016-06-20,10468.0,10468.0,10468.0,10468.0,105890000,10000,1,10374.0,10468.0,1395-03-31
2016-06-21,10658.0,10717.0,10658.0,10711.0,108350000,10000,2,10468.0,10717.0,1395-04-01
2016-06-22,10391.0,10391.0,10345.0,10346.0,1569694000,150000,4,10711.0,10345.0,1395-04-02
2016-06-25,10775.0,10775.0,10775.0,10775.0,108990000,10000,2,10346.0,10775.0,1395-04-05
2016-06-26,10847.0,10847.0,10847.0,10847.0,109720000,10000,2,10775.0,10847.0,1395-04-06
2016-06-28,10884.0,10884.0,10884.0,10884.0,110100000,10000,1,10847.0,10884.0,1395-04-08
2016-06-29,10805.0,10805.0,10805.0,10805.0,109300000,10000,1,10884.0,10805.0,1395-04-09
2016-07-02,10346.0,10825.0,10340.0,10591.0,107130650,10000,4,10805.0,10825.0,1395-04-12
2016-07-03,10834.0,10834.0,10834.0,10834.0,109590000,10000,1,10591.0,10834.0,1395-04-13
2016-07-04,10772.0,10772.0,10772.0,10772.0,108960000,10000,1,10834.0,10772.0,1395-04-14
2016-07-05,10803.0,10803.0,10803.0,10803.0,109280000,10000,1,10772.0,10803.0,1395-04-15
2016-07-09,10790.0,10790.0,10751.0,10754.0,108783000,10000,2,10803.0,10751.0,1395-04-19
2016-07-10,10728.0,10728.0,10728.0,10728.0,108520000,10000,1,10754.0,10728.0,1395-04-20
2016-07-11,10763.0,10763.0,10763.0,10763.0,108870000,10000,1,10728.0,10763.0,1395-04-21
2016-07-12,10740.0,10740.0,10740.0,10740.0,217280000,20000,2,10763.0,10740.0,1395-04-22
2016-07-13,10731.0,10731.0,10731.0,10731.0,108550000,10000,1,10740.0,10731.0,1395-04-23
2016-07-16,10724.0,10724.0,10724.0,10724.0,108480000,10000,1,10731.0,10724.0,1395-04-26
2016-07-18,10704.0,10704.0,10704.0,10704.0,108280000,10000,1,10724.0,10704.0,1395-04-28
2016-07-19,10721.0,10721.0,10721.0,10721.0,108450000,10000,1,10704.0,10721.0,1395-04-29
2016-07-20,10745.0,10745.0,10745.0,10745.0,108690000,10000,1,10721.0,10745.0,1395-04-30
2016-07-23,10783.0,10783.0,10783.0,10783.0,109070000,10000,1,10745.0,10783.0,1395-05-02
2016-07-24,10803.0,10839.0,10803.0,10835.0,109596800,10000,2,10783.0,10839.0,1395-05-03
2016-07-25,10904.0,10904.0,10904.0,10904.0,110300000,10000,1,10835.0,10904.0,1395-05-04
2016-07-26,10881.0,10881.0,10881.0,10881.0,110070000,10000,1,10904.0,10881.0,1395-05-05
2016-07-27,10966.0,10966.0,10966.0,10966.0,110930000,10000,1,10881.0,10966.0,1395-05-06
2016-07-31,11141.0,11141.0,11141.0,11141.0,112700000,10000,1,10966.0,11141.0,1395-05-10
2016-08-01,11138.0,11138.0,11138.0,11138.0,112670000,10000,2,11141.0,11138.0,1395-05-11
2016-08-02,10875.0,11250.0,10776.0,10812.0,125772140,11500,7,11138.0,11250.0,1395-05-12
2016-08-03,11288.0,11288.0,11288.0,11288.0,28545000,2500,3,10812.0,11288.0,1395-05-13
2016-08-06,11419.0,11419.0,10973.0,10973.0,3413594800,307527,5,11288.0,10973.0,1395-05-16
2016-08-07,11400.0,11400.0,11400.0,11400.0,115320000,10000,1,10973.0,11400.0,1395-05-17
2016-08-08,11358.0,11358.0,11358.0,11358.0,114890000,10000,1,11400.0,11358.0,1395-05-18
2016-08-09,11389.0,11395.0,11389.0,11391.0,115219376,10000,3,11358.0,11395.0,1395-05-19
2016-08-10,11346.0,11346.0,11346.0,11346.0,114770000,10000,2,11391.0,11346.0,1395-05-20
2016-08-13,11333.0,11333.0,11333.0,11333.0,114640000,10000,1,11346.0,11333.0,1395-05-23
2016-08-14,11297.0,11297.0,11297.0,11297.0,114270000,10000,1,11333.0,11297.0,1395-05-24
2016-08-15,11236.0,11236.0,11236.0,11236.0,113660000,10000,1,11297.0,11236.0,1395-05-25
2016-08-16,11248.0,11248.0,11248.0,11248.0,113780000,10000,1,11236.0,11248.0,1395-05-26
2016-08-17,11238.0,11238.0,11238.0,11238.0,113680000,10000,1,11248.0,11238.0,1395-05-27
2016-08-20,11260.0,11260.0,11260.0,11260.0,113900000,10000,1,11238.0,11260.0,1395-05-30
2016-08-21,10786.0,11285.0,10786.0,11079.0,112066370,10000,2,11260.0,11285.0,1395-05-31
2016-08-22,11271.0,11271.0,11271.0,11271.0,114010000,10000,1,11079.0,11271.0,1395-06-01
2016-08-23,11219.0,11219.0,11219.0,11219.0,113480000,10000,1,11271.0,11219.0,1395-06-02
2016-08-24,11234.0,11234.0,11234.0,11234.0,113640000,10000,1,11219.0,11234.0,1395-06-03
2016-08-27,11233.0,11233.0,11233.0,11233.0,113630000,10000,1,11234.0,11233.0,1395-06-06
2016-08-28,11079.0,11079.0,11079.0,11079.0,112070000,10000,1,11233.0,11079.0,1395-06-07
2016-08-29,11098.0,11098.0,11098.0,11098.0,112260000,10000,1,11079.0,11098.0,1395-06-08
2016-08-30,11105.0,11105.0,11105.0,11105.0,112330000,10000,1,11098.0,11105.0,1395-06-09
2016-08-31,11010.0,11010.0,11010.0,11010.0,945386519,84887,14,11105.0,11010.0,1395-06-10
2016-09-03,10697.0,10992.0,10528.0,10793.0,213531926,19557,5,11010.0,10992.0,1395-06-13
2016-09-04,10531.0,10957.0,10473.0,10715.0,344466791,31781,8,10793.0,10957.0,1395-06-14
2016-09-05,10973.0,11004.0,10973.0,10994.0,172759200,15535,3,10715.0,11004.0,1395-06-15
2016-09-06,11034.0,11036.0,11034.0,11036.0,144543789,12949,2,10994.0,11036.0,1395-06-16
2016-09-07,11018.0,11023.0,11018.0,11021.0,245260000,22000,3,11036.0,11023.0,1395-06-17
2016-09-10,10996.0,10996.0,10996.0,10996.0,111230000,10000,1,11021.0,10996.0,1395-06-20
2016-09-11,10983.0,10983.0,10983.0,10983.0,111100000,10000,1,10996.0,10983.0,1395-06-21
2016-09-13,10994.0,10994.0,10994.0,10994.0,111210000,10000,1,10983.0,10994.0,1395-06-23
2016-09-14,11007.0,11007.0,11007.0,11007.0,111340000,10000,1,10994.0,11007.0,1395-06-24
2016-09-17,10934.0,10934.0,10934.0,10934.0,110600000,10000,1,11007.0,10934.0,1395-06-27
2016-09-18,10490.0,10915.0,10436.0,10844.0,129390576,11796,3,10934.0,10915.0,1395-06-28
2016-09-19,10875.0,10896.0,10413.0,10839.0,146780106,13388,6,10844.0,10896.0,1395-06-29
2016-09-21,10879.0,10879.0,10856.0,10856.0,112011000,10200,2,10839.0,10856.0,1395-06-31
2016-09-24,10875.0,11007.0,10875.0,11000.0,149014460,13392,5,10856.0,11007.0,1395-07-03
2016-09-25,11007.0,11007.0,11007.0,11007.0,111340000,10000,1,11000.0,11007.0,1395-07-04
2016-09-26,10954.0,10971.0,10510.0,10908.0,132806416,12036,4,11007.0,10971.0,1395-07-05
2016-09-27,10973.0,10988.0,10973.0,10986.0,128199600,11536,2,10908.0,10988.0,1395-07-06
2016-09-28,10990.0,10990.0,10990.0,10990.0,111170000,10000,1,10986.0,10990.0,1395-07-07
2016-10-01,11014.0,11025.0,11014.0,11025.0,112634100,10100,2,10990.0,11025.0,1395-07-10
2016-10-02,10999.0,10999.0,10999.0,10999.0,111260000,10000,1,11025.0,10999.0,1395-07-11
2016-10-03,10983.0,10983.0,10983.0,10983.0,111100000,10000,1,10999.0,10983.0,1395-07-12
2016-10-04,10983.0,10987.0,10983.0,10986.0,144470000,13000,2,10983.0,10987.0,1395-07-13
2016-10-05,10983.0,10983.0,10983.0,10983.0,111100000,10000,1,10986.0,10983.0,1395-07-14
2016-10-08,10991.0,10993.0,10991.0,10993.0,122318000,11000,2,10983.0,10993.0,1395-07-17
2016-10-09,11073.0,11073.0,11073.0,11073.0,112010000,10000,1,10993.0,11073.0,1395-07-18
2016-10-10,11082.0,11082.0,11082.0,11082.0,112100000,10000,1,11073.0,11082.0,1395-07-19
2016-10-15,11083.0,11083.0,11083.0,11083.0,112110000,10000,1,11082.0,11083.0,1395-07-24
2016-10-16,11033.0,11033.0,11033.0,11033.0,111600000,10000,1,11083.0,11033.0,1395-07-25
2016-10-17,11068.0,11068.0,11068.0,11068.0,111960000,10000,1,11033.0,11068.0,1395-07-26
2016-10-18,11071.0,11071.0,11071.0,11071.0,111990000,10000,1,11068.0,11071.0,1395-07-27
2016-10-19,11072.0,11136.0,11072.0,11116.0,112437000,10000,4,11071.0,11136.0,1395-07-28
2016-10-22,11144.0,11144.0,11144.0,11144.0,112730000,10000,1,11116.0,11144.0,1395-08-01
2016-10-23,11129.0,11129.0,11129.0,11129.0,112570000,10000,1,11144.0,11129.0,1395-08-02
2016-10-24,11139.0,11139.0,11139.0,11139.0,112680000,10000,1,11129.0,11139.0,1395-08-03
2016-10-25,11139.0,11139.0,11139.0,11139.0,112680000,10000,1,11139.0,11139.0,1395-08-04
2016-10-26,11267.0,11272.0,10721.0,11258.0,113879388,10000,5,11139.0,11272.0,1395-08-05
2016-10-29,11451.0,11451.0,11451.0,11451.0,115830000,10000,1,11258.0,11451.0,1395-08-08
2016-10-30,11438.0,11438.0,11438.0,11438.0,115700000,10000,1,11451.0,11438.0,1395-08-09
2016-10-31,11351.0,11351.0,11351.0,11351.0,114820000,10000,1,11438.0,11351.0,1395-08-10
2016-11-01,10973.0,10973.0,10973.0,10973.0,4843573800,436358,5,11351.0,10973.0,1395-08-11
2016-11-02,11290.0,11290.0,11290.0,11290.0,114200000,10000,1,10973.0,11290.0,1395-08-12
2016-11-05,11196.0,11196.0,11196.0,11196.0,113250000,10000,1,11290.0,11196.0,1395-08-15
2016-11-06,11212.0,11212.0,11212.0,11212.0,113410000,10000,1,11196.0,11212.0,1395-08-16
2016-11-07,11300.0,11309.0,11300.0,11308.0,114390000,10000,2,11212.0,11309.0,1395-08-17
2016-11-08,11361.0,11361.0,11361.0,11361.0,114920000,10000,2,11308.0,11361.0,1395-08-18
2016-11-09,11092.0,11092.0,11092.0,11092.0,112200000,10000,1,11361.0,11092.0,1395-08-19
2016-11-12,11157.0,11157.0,11157.0,11157.0,1024870374,90809,69,11092.0,11157.0,1395-08-22
2016-11-13,10736.0,10747.0,10727.0,10739.0,118104201,10872,8,11157.0,10727.0,1395-08-23
2016-11-14,10723.0,11156.0,10723.0,11109.0,112372812,10000,5,10739.0,11150.0,1395-08-24
2016-11-15,11150.0,11150.0,10578.0,10736.0,382748472,35245,9,11109.0,10700.0,1395-08-25
2016-11-16,10712.0,10747.0,10712.0,10726.0,189686113,17483,4,10736.0,10747.0,1395-08-26
2016-11-19,11066.0,11137.0,11066.0,11120.0,112479853,10000,5,10726.0,11137.0,1395-08-29
2016-11-21,10801.0,11265.0,10801.0,11052.0,111796433,10000,7,11120.0,11265.0,1395-09-01
2016-11-22,10812.0,11265.0,10812.0,11245.0,113745398,10000,4,11052.0,11248.0,1395-09-02
2016-11-23,11171.0,11306.0,11171.0,11221.0,113504206,10000,7,11245.0,11306.0,1395-09-03
2016-11-26,11314.0,11314.0,11314.0,11314.0,114450000,10000,1,11221.0,11314.0,1395-09-06
2016-11-27,11318.0,11319.0,11318.0,11319.0,114497000,10000,4,11314.0,11319.0,1395-09-07
2016-11-29,11349.0,11349.0,11349.0,11349.0,114800000,10000,1,11319.0,11349.0,1395-09-09
2016-12-03,11314.0,11314.0,11314.0,11314.0,114450000,10000,1,11349.0,11314.0,1395-09-13
2016-12-04,11171.0,11338.0,11171.0,11331.0,114623207,10000,3,11314.0,11338.0,1395-09-14
2016-12-05,11313.0,11395.0,11313.0,11386.0,115167972,10000,4,11331.0,11395.0,1395-09-15
2016-12-06,11468.0,11468.0,11468.0,11468.0,116000000,10000,1,11386.0,11468.0,1395-09-16
2016-12-07,11577.0,11577.0,11577.0,11577.0,117110000,10000,1,11468.0,11577.0,1395-09-17
2016-12-10,11044.0,11510.0,11044.0,11497.0,116299392,10000,3,11577.0,11510.0,1395-09-20
2016-12-11,11502.0,11502.0,11502.0,11502.0,116350000,10000,1,11497.0,11502.0,1395-09-21
2016-12-12,10943.0,11466.0,10943.0,11445.0,115772103,10000,2,11502.0,11466.0,1395-09-22
2016-12-13,10973.0,11453.0,10973.0,11281.0,114110305,10000,2,11445.0,11453.0,1395-09-23
2016-12-14,11463.0,11487.0,11463.0,11477.0,116094753,10000,4,11281.0,11487.0,1395-09-24
2016-12-18,10995.0,11474.0,10995.0,11435.0,115668896,10000,3,11477.0,11474.0,1395-09-28
2016-12-19,11418.0,11418.0,11418.0,11418.0,115500000,10000,1,11435.0,11418.0,1395-09-29
2016-12-20,11414.0,11414.0,11414.0,11414.0,115460000,10000,1,11418.0,11414.0,1395-09-30
2016-12-21,11171.0,11171.0,10935.0,11170.0,2273228674,201194,7,11414.0,10973.0,1395-10-01
2016-12-24,11408.0,11413.0,11408.0,11412.0,115444030,10000,2,11170.0,11413.0,1395-10-04
2016-12-25,11445.0,11445.0,10900.0,11371.0,115022034,10000,3,11412.0,11375.0,1395-10-05
2016-12-26,11369.0,11389.0,11369.0,11383.0,115137400,10000,3,11371.0,11389.0,1395-10-06
2016-12-27,11389.0,11389.0,11389.0,11389.0,115200000,10000,1,11383.0,11389.0,1395-10-07
2016-12-28,11379.0,11379.0,11379.0,11379.0,115100000,10000,1,11389.0,11379.0,1395-10-08
2016-12-31,11334.0,11334.0,11334.0,11334.0,114650000,10000,1,11379.0,11334.0,1395-10-11
2017-01-01,11270.0,11270.0,11270.0,11270.0,114000000,10000,1,11334.0,11270.0,1395-10-12
2017-01-02,11270.0,11270.0,11270.0,11270.0,114000000,10000,2,11270.0,11270.0,1395-10-13
2017-01-03,11284.0,11284.0,11284.0,11284.0,114140000,10000,1,11270.0,11284.0,1395-10-14
2017-01-04,11171.0,11274.0,11171.0,11273.0,114026372,10000,3,11284.0,11274.0,1395-10-15
2017-01-07,10893.0,10893.0,10736.0,10737.0,1514527137,139446,5,11273.0,10736.0,1395-10-18
2017-01-08,11270.0,11270.0,11270.0,11270.0,114000000,10000,2,10737.0,11270.0,1395-10-19
2017-01-09,11225.0,11225.0,11225.0,11225.0,113550000,10000,1,11270.0,11225.0,1395-10-20
2017-01-11,11230.0,11230.0,11230.0,11230.0,113600000,10000,1,11225.0,11230.0,1395-10-22
2017-01-14,11270.0,11270.0,11270.0,11270.0,114000000,10000,1,11230.0,11270.0,1395-10-25
2017-01-15,11309.0,11309.0,11309.0,11309.0,114400000,10000,1,11270.0,11309.0,1395-10-26
2017-01-16,11305.0,11305.0,11305.0,11305.0,114350000,10000,1,11309.0,11305.0,1395-10-27
2017-01-17,11334.0,11334.0,11334.0,11334.0,114650000,10000,1,11305.0,11334.0,1395-10-28
2017-01-18,11358.0,11358.0,11358.0,11358.0,114890000,10000,1,11334.0,11358.0,1395-10-29
2017-01-21,10841.0,11316.0,10841.0,11309.0,114395445,10000,2,11358.0,11316.0,1395-11-02
2017-01-22,10823.0,11319.0,10823.0,11309.0,114403616,10000,2,11309.0,11319.0,1395-11-03
2017-01-23,11331.0,11331.0,11331.0,11331.0,114620000,10000,1,11309.0,11331.0,1395-11-04
2017-01-24,11072.0,11072.0,11072.0,11072.0,112000000,10000,1,11331.0,11072.0,1395-11-05
2017-01-25,11019.0,11019.0,11019.0,11019.0,111460000,10000,1,11072.0,11019.0,1395-11-06
2017-01-28,10958.0,10958.0,10958.0,10958.0,110840000,10000,1,11019.0,10958.0,1395-11-09
2017-01-29,10677.0,10989.0,10677.0,10953.0,110794500,10000,3,10958.0,10989.0,1395-11-10
2017-01-30,11022.0,11023.0,11022.0,11022.0,111495000,10000,3,10953.0,11023.0,1395-11-11
2017-01-31,11048.0,11048.0,11048.0,11048.0,111750000,10000,1,11022.0,11048.0,1395-11-12
2017-02-01,10916.0,10916.0,10916.0,10916.0,110420000,10000,1,11048.0,10916.0,1395-11-13
2017-02-04,10793.0,10793.0,10793.0,10793.0,109180000,10000,1,10916.0,10793.0,1395-11-16
2017-02-05,10793.0,10793.0,10793.0,10793.0,109180000,10000,1,10793.0,10793.0,1395-11-17
2017-02-06,10376.0,10826.0,10376.0,10818.0,109429465,10000,2,10793.0,10826.0,1395-11-18
2017-02-07,10851.0,10851.0,10851.0,10851.0,109760000,10000,1,10818.0,10851.0,1395-11-19
2017-02-08,10896.0,10896.0,10896.0,10896.0,110220000,10000,1,10851.0,10896.0,1395-11-20
2017-02-11,10875.0,10875.0,10875.0,10875.0,6600000000,600000,6,10896.0,10875.0,1395-11-23
2017-02-12,10880.0,10904.0,10880.0,10903.0,110292800,10000,2,10875.0,10904.0,1395-11-24
2017-02-13,10891.0,10891.0,10891.0,10891.0,110170000,10000,1,10903.0,10891.0,1395-11-25
2017-02-14,10891.0,10918.0,10891.0,10917.0,110431900,10000,2,10891.0,10918.0,1395-11-26
2017-02-15,10933.0,10933.0,10933.0,10933.0,110590000,10000,1,10917.0,10933.0,1395-11-27
2017-02-18,10480.0,10965.0,10480.0,10948.0,110742633,10000,5,10933.0,10965.0,1395-11-30
2017-02-19,10888.0,10954.0,10888.0,10944.0,110697436,10000,2,10948.0,10954.0,1395-12-01
2017-02-20,10963.0,10963.0,10963.0,10963.0,110900000,10000,1,10944.0,10963.0,1395-12-02
2017-02-21,10479.0,10955.0,10479.0,10862.0,109873986,10000,3,10963.0,10955.0,1395-12-03
2017-02-22,10949.0,10949.0,10949.0,10949.0,110750000,10000,1,10862.0,10949.0,1395-12-04
2017-02-25,10944.0,10944.0,10944.0,10944.0,110700000,10000,1,10949.0,10944.0,1395-12-07
2017-02-26,10906.0,10906.0,10906.0,10906.0,110320000,10000,1,10944.0,10906.0,1395-12-08
2017-02-27,10920.0,10920.0,10920.0,10920.0,110460000,10000,1,10906.0,10920.0,1395-12-09
2017-02-28,10941.0,10941.0,10941.0,10941.0,110670000,10000,1,10920.0,10941.0,1395-12-10
2017-03-01,10902.0,10902.0,10902.0,10902.0,110280000,10000,1,10941.0,10902.0,1395-12-11
2017-03-04,10870.0,10870.0,10870.0,10870.0,109950000,10000,1,10902.0,10870.0,1395-12-14
2017-03-05,10752.0,10752.0,10752.0,10752.0,108760000,10000,1,10870.0,10752.0,1395-12-15
2017-03-06,10781.0,10781.0,10781.0,10781.0,3031590,278,1,10752.0,10781.0,1395-12-16
2017-03-12,10761.0,10761.0,10761.0,10761.0,1088500,100,1,10781.0,10761.0,1395-12-22
2017-03-18,10751.0,10751.0,10751.0,10751.0,19846875,1825,1,10761.0,10751.0,1395-12-28
2017-04-15,10340.0,10340.0,10340.0,10340.0,5229500,500,1,10751.0,10340.0,1396-01-26
2017-04-16,10303.0,10303.0,10303.0,10303.0,1042200,100,1,10340.0,10303.0,1396-01-27
2017-04-17,10286.0,10286.0,10286.0,10286.0,58268000,5600,1,10303.0,10286.0,1396-01-28
2017-04-22,10461.0,10461.0,10461.0,10461.0,6814808,644,2,10286.0,10461.0,1396-02-02
2017-04-24,10438.0,10438.0,10438.0,10438.0,24695162,2339,2,10461.0,10438.0,1396-02-04
2017-04-30,10430.0,10430.0,10430.0,10430.0,2816850,267,2,10438.0,10430.0,1396-02-10
2017-05-02,10834.0,10834.0,10834.0,10834.0,109590000,10000,1,10430.0,10834.0,1396-02-12
2017-05-03,10914.0,10914.0,10459.0,10844.0,109688930,10000,4,10834.0,10865.0,1396-02-13
2017-05-06,10460.0,10729.0,10460.0,10724.0,108475600,10000,2,10844.0,10729.0,1396-02-16
2017-05-07,10757.0,10757.0,10757.0,10757.0,108810000,10000,1,10724.0,10757.0,1396-02-17
2017-05-08,10776.0,10776.0,10776.0,10776.0,109000000,10000,1,10757.0,10776.0,1396-02-18
2017-05-09,10822.0,10822.0,10822.0,10822.0,109470000,10000,1,10776.0,10822.0,1396-02-19
2017-05-10,10859.0,10859.0,10859.0,10859.0,109840000,10000,1,10822.0,10859.0,1396-02-20
2017-05-13,10865.0,10865.0,10865.0,10865.0,109900000,10000,1,10859.0,10865.0,1396-02-23
2017-05-14,10462.0,10812.0,10443.0,10768.0,109243027,10030,3,10865.0,10812.0,1396-02-24
2017-05-15,10827.0,10827.0,10827.0,10827.0,109520000,10000,1,10768.0,10827.0,1396-02-25
2017-05-16,10519.0,10519.0,10465.0,10486.0,172051440,16221,2,10827.0,10465.0,1396-02-26
2017-05-17,10857.0,10857.0,10857.0,10857.0,109820000,10000,1,10486.0,10857.0,1396-02-27
2017-05-20,10965.0,10965.0,10965.0,10965.0,110920000,10000,1,10857.0,10965.0,1396-02-30
2017-05-21,10970.0,11001.0,10599.0,10988.0,111148403,10000,4,10965.0,11001.0,1396-02-31
2017-05-22,11015.0,11015.0,11015.0,11015.0,27966420000,2510000,26,10988.0,11015.0,1396-03-01
2017-05-23,11015.0,11015.0,11015.0,11015.0,4456800000,400000,6,11015.0,11015.0,1396-03-02
2017-05-24,10994.0,10994.0,10994.0,10994.0,111210000,10000,1,11015.0,10994.0,1396-03-03
2017-05-27,10487.0,10938.0,10475.0,10745.0,108691284,10000,3,10994.0,10938.0,1396-03-06
2017-05-28,10889.0,10889.0,10889.0,10889.0,110150000,10000,1,10745.0,10889.0,1396-03-07
2017-05-29,10917.0,10917.0,10917.0,10917.0,110430000,10000,1,10889.0,10917.0,1396-03-08
2017-05-30,10903.0,10903.0,10903.0,10903.0,110290000,10000,1,10917.0,10903.0,1396-03-09
2017-05-31,10910.0,10910.0,10910.0,10910.0,110360000,10000,1,10903.0,10910.0,1396-03-10
2017-06-03,10899.0,10899.0,10899.0,10899.0,110250000,10000,1,10910.0,10899.0,1396-03-13
2017-06-06,10884.0,10884.0,10884.0,10884.0,110100000,10000,1,10899.0,10884.0,1396-03-16
2017-06-07,10754.0,10754.0,10754.0,10754.0,108780000,10000,1,10884.0,10754.0,1396-03-17
2017-06-10,10894.0,10894.0,10894.0,10894.0,110200000,10000,1,10754.0,10894.0,1396-03-20
2017-06-11,10847.0,10847.0,10847.0,10847.0,109720000,10000,1,10894.0,10847.0,1396-03-21
2017-06-12,10812.0,10812.0,10812.0,10812.0,109370000,10000,1,10847.0,10812.0,1396-03-22
2017-06-13,10826.0,10826.0,10826.0,10826.0,109510000,10000,1,10812.0,10826.0,1396-03-23
2017-06-14,10856.0,10856.0,10856.0,10856.0,109810000,10000,1,10826.0,10856.0,1396-03-24
2017-06-17,10765.0,10765.0,10765.0,10765.0,108890000,10000,1,10856.0,10765.0,1396-03-27
2017-06-18,10771.0,10771.0,10771.0,10771.0,108950000,10000,1,10765.0,10771.0,1396-03-28
2017-06-19,10701.0,10701.0,10701.0,10701.0,108240000,10000,1,10771.0,10701.0,1396-03-29
2017-06-20,10743.0,10743.0,10743.0,10743.0,108670000,10000,1,10701.0,10743.0,1396-03-30
2017-06-21,10702.0,10702.0,10702.0,10702.0,108260000,10000,1,10743.0,10702.0,1396-03-31
2017-06-24,10833.0,10833.0,10713.0,10719.0,108427233,10000,2,10702.0,10713.0,1396-04-03
2017-06-25,10714.0,10714.0,10714.0,10714.0,108380000,10000,1,10719.0,10714.0,1396-04-04
2017-06-28,10809.0,10809.0,10809.0,10809.0,109340000,10000,1,10714.0,10809.0,1396-04-07
2017-07-01,10740.0,10740.0,10740.0,10740.0,108640000,10000,1,10809.0,10740.0,1396-04-10
2017-07-02,10704.0,10704.0,10704.0,10704.0,108280000,10000,1,10740.0,10704.0,1396-04-11
2017-07-03,10693.0,10693.0,10693.0,10693.0,108160000,10000,1,10704.0,10693.0,1396-04-12
2017-07-04,10731.0,10731.0,10731.0,10731.0,108550000,10000,1,10693.0,10731.0,1396-04-13
2017-07-05,10715.0,10715.0,10715.0,10715.0,108390000,10000,1,10731.0,10715.0,1396-04-14
2017-07-08,10717.0,10717.0,10717.0,10717.0,108410000,10000,1,10715.0,10717.0,1396-04-17
2017-07-09,10722.0,10722.0,10722.0,10722.0,108460000,10000,1,10717.0,10722.0,1396-04-18
2017-07-10,10829.0,10851.0,10829.0,10840.0,109650000,10000,2,10722.0,10851.0,1396-04-19
2017-07-11,10855.0,10855.0,10855.0,10855.0,109800000,10000,1,10840.0,10855.0,1396-04-20
2017-07-12,10885.0,10885.0,10885.0,10885.0,241030790,21890,1,10855.0,10885.0,1396-04-21
2017-07-15,10422.0,10946.0,10422.0,10631.0,107540000,10000,2,10885.0,10946.0,1396-04-24
2017-07-16,10929.0,10929.0,10929.0,10929.0,110550000,10000,1,10631.0,10929.0,1396-04-25
2017-07-17,10940.0,10940.0,10940.0,10940.0,110660000,10000,1,10929.0,10940.0,1396-04-26
2017-07-18,10975.0,10975.0,10975.0,10975.0,111020000,10000,1,10940.0,10975.0,1396-04-27
2017-07-19,11012.0,11012.0,11012.0,11012.0,111390000,10000,1,10975.0,11012.0,1396-04-28
2017-07-22,11065.0,11065.0,11065.0,11065.0,111930000,10000,1,11012.0,11065.0,1396-04-31
2017-07-23,11108.0,11108.0,11108.0,11108.0,112360000,10000,1,11065.0,11108.0,1396-05-01
2017-07-24,11064.0,11064.0,11064.0,11064.0,111920000,10000,1,11108.0,11064.0,1396-05-02
2017-07-25,11121.0,11121.0,11121.0,11121.0,112490000,10000,1,11064.0,11121.0,1396-05-03
2017-07-26,11384.0,11384.0,11156.0,11160.0,112889100,10000,2,11121.0,11156.0,1396-05-04
2017-07-29,11221.0,11221.0,11221.0,11221.0,113510000,10000,1,11160.0,11221.0,1396-05-07
2017-07-30,11178.0,11178.0,11178.0,11178.0,113070000,10000,1,11221.0,11178.0,1396-05-08
2017-07-31,11263.0,11263.0,11263.0,11263.0,113930000,10000,1,11178.0,11263.0,1396-05-09
2017-08-01,11216.0,11216.0,11216.0,11216.0,113450000,10000,1,11263.0,11216.0,1396-05-10
2017-08-02,10781.0,10781.0,10759.0,10770.0,108940000,10000,2,11216.0,10759.0,1396-05-11
2017-08-06,11314.0,11314.0,11215.0,11218.0,113467674,10000,2,10770.0,11215.0,1396-05-15
2017-08-07,11171.0,11171.0,11171.0,11171.0,113000000,10000,1,11218.0,11171.0,1396-05-16
2017-08-08,11159.0,11159.0,11159.0,11159.0,112880000,10000,1,11171.0,11159.0,1396-05-17
2017-08-09,11121.0,11121.0,10852.0,11116.0,114345113,10169,2,11159.0,10852.0,1396-05-18
2017-08-12,11210.0,11210.0,11210.0,11210.0,113390000,10000,1,11116.0,11210.0,1396-05-21
2017-08-13,11200.0,11200.0,11200.0,11200.0,113290000,10000,1,11210.0,11200.0,1396-05-22
2017-08-19,10929.0,10929.0,10921.0,10923.0,69209144,6264,4,11200.0,10921.0,1396-05-28
2017-08-26,11072.0,11072.0,11072.0,11072.0,11200000,1000,1,10923.0,11072.0,1396-06-04
2017-08-28,11616.0,11616.0,11616.0,11616.0,17625000,1500,2,11072.0,11616.0,1396-06-06
2017-09-03,11369.0,11369.0,11270.0,11295.0,45700000,4000,2,11616.0,11270.0,1396-06-12
2017-09-10,11517.0,11576.0,11517.0,11560.0,59633820,5100,2,11295.0,11576.0,1396-06-19
2017-09-13,11024.0,11024.0,11024.0,11024.0,2520126,226,1,11560.0,11024.0,1396-06-22
2017-09-20,11572.0,11637.0,11572.0,11629.0,13633879,1159,3,11024.0,11637.0,1396-06-29
2017-09-27,11682.0,11682.0,11682.0,11682.0,354510000,30000,3,11629.0,11682.0,1396-07-05
2017-10-02,11665.0,11665.0,11549.0,11549.0,1752361950,150000,7,11682.0,11549.0,1396-07-10
2017-10-03,11457.0,11457.0,11457.0,11457.0,11589,1,1,11549.0,11457.0,1396-07-11
2017-10-04,11414.0,11414.0,11414.0,11414.0,23092000,2000,1,11457.0,11414.0,1396-07-12
2017-10-15,11492.0,11492.0,11492.0,11492.0,21052875,1811,1,11414.0,11492.0,1396-07-23
2017-10-16,12044.0,12044.0,12044.0,12044.0,2704626,222,1,11492.0,12044.0,1396-07-24
2017-10-21,12063.0,12063.0,12037.0,12049.0,175503200,14400,7,12044.0,12041.0,1396-07-29
2017-10-22,12091.0,12091.0,12091.0,12091.0,56507220,4620,3,12049.0,12091.0,1396-07-30
2017-10-24,12021.0,12021.0,12021.0,12021.0,12160000,1000,1,12091.0,12021.0,1396-08-02
2017-10-31,12202.0,12202.0,12202.0,12202.0,4937200,400,1,12021.0,12202.0,1396-08-09
2017-11-11,12184.0,12184.0,12184.0,12184.0,1491325,121,1,12202.0,12184.0,1396-08-20
2017-11-12,12152.0,12152.0,12152.0,12152.0,2458400,200,1,12184.0,12152.0,1396-08-21
2017-11-15,12171.0,12171.0,12171.0,12171.0,1477320,120,1,12152.0,12171.0,1396-08-24
2017-11-26,12259.0,12259.0,12259.0,12259.0,6510000,525,1,12171.0,12259.0,1396-09-05
2017-11-29,12852.0,12852.0,12852.0,12852.0,1430000,110,1,12259.0,12852.0,1396-09-08
2017-12-02,12852.0,12852.0,12852.0,12852.0,1300000,100,1,12852.0,12852.0,1396-09-11
2017-12-03,12936.0,12936.0,12936.0,12936.0,1491690,114,1,12852.0,12936.0,1396-09-12
2017-12-04,12936.0,12936.0,12852.0,12936.0,31903634490,2438185,50,12936.0,12852.0,1396-09-13
2017-12-11,12852.0,12852.0,12852.0,12852.0,780000,60,1,12936.0,12852.0,1396-09-20
2017-12-13,13346.0,13346.0,13346.0,13346.0,2578500,191,1,12852.0,13346.0,1396-09-22
2017-12-17,13840.0,13840.0,13840.0,13840.0,11060000,790,2,13346.0,13840.0,1396-09-26
2017-12-23,14628.0,14628.0,14628.0,14628.0,8153147,551,2,13840.0,14628.0,1396-10-02
2017-12-24,14433.0,14433.0,14433.0,14433.0,55611400,3809,4,14628.0,14433.0,1396-10-03
2017-12-26,14920.0,14920.0,14920.0,14920.0,30184000,2000,1,14433.0,14920.0,1396-10-05
2017-12-27,15006.0,15006.0,14908.0,14997.0,16641463,1097,2,14920.0,14908.0,1396-10-06
2017-12-30,13757.0,13757.0,13757.0,13757.0,27832000,2000,1,14997.0,13757.0,1396-10-09
2018-01-01,14602.0,14602.0,14560.0,14575.0,3022250,205,2,13757.0,14560.0,1396-10-11
2018-01-02,14559.0,14559.0,14559.0,14559.0,12930306,878,1,14575.0,14559.0,1396-10-12
2018-01-07,14547.0,14547.0,14547.0,14547.0,1486215,101,1,14559.0,14547.0,1396-10-17
2018-01-08,14481.0,14481.0,14481.0,14481.0,1977480,135,1,14547.0,14481.0,1396-10-18
2018-01-10,14424.0,14424.0,14424.0,14424.0,2918000,200,1,14481.0,14424.0,1396-10-20
2018-01-13,14236.0,14236.0,14236.0,14236.0,1065600,74,1,14424.0,14236.0,1396-10-23
2018-01-15,14777.0,14777.0,14777.0,14777.0,149480000,10000,1,14236.0,14777.0,1396-10-25
2018-01-16,15064.0,15064.0,15064.0,15064.0,1996178,131,1,14777.0,15064.0,1396-10-26
2018-01-17,14878.0,15191.0,14878.0,14930.0,9046234,599,2,15064.0,15191.0,1396-10-27
2018-01-21,15064.0,15064.0,15064.0,15064.0,152380000,10000,1,14930.0,15064.0,1396-11-01
2018-01-23,14928.0,14928.0,14928.0,14928.0,10796500,715,2,15064.0,14928.0,1396-11-03
2018-01-24,14928.0,14928.0,14928.0,14928.0,2959600,196,1,14928.0,14928.0,1396-11-04
2018-01-28,14928.0,14928.0,14928.0,14928.0,7550000,500,1,14928.0,14928.0,1396-11-08
2018-01-29,14928.0,14928.0,14928.0,14928.0,9950900,659,1,14928.0,14928.0,1396-11-09
2018-01-30,14928.0,14928.0,14928.0,14928.0,1057000,70,1,14928.0,14928.0,1396-11-10
2018-01-31,14928.0,14928.0,14889.0,14891.0,40113800,2663,2,14928.0,14889.0,1396-11-11
2018-02-05,14152.0,14152.0,14152.0,14152.0,1002050,70,1,14891.0,14152.0,1396-11-16
2018-02-06,14127.0,14127.0,14127.0,14127.0,5530230,387,1,14152.0,14127.0,1396-11-17
2018-02-17,14829.0,14829.0,14829.0,14829.0,10500000,700,1,14127.0,14829.0,1396-11-28
2018-02-18,14335.0,14335.0,14287.0,14289.0,766032644,52997,4,14829.0,14287.0,1396-11-29
2018-02-25,14907.0,14907.0,14907.0,14907.0,2080902,138,1,14289.0,14907.0,1396-12-06
2018-02-26,14928.0,14934.0,14199.0,14796.0,224476169,14998,6,14907.0,14199.0,1396-12-07
2018-02-28,14582.0,14582.0,14582.0,14582.0,38866250,2635,1,14796.0,14582.0,1396-12-09
2018-03-03,14631.0,14631.0,14631.0,14631.0,37000000,2500,2,14582.0,14631.0,1396-12-12
2018-03-04,14402.0,14829.0,14402.0,14402.0,51634771368,3544381,39,14631.0,14829.0,1396-12-13
2018-03-05,14829.0,14829.0,14829.0,14829.0,96375000,6425,1,14402.0,14829.0,1396-12-14
2018-03-06,14842.0,14842.0,14842.0,14842.0,4113562,274,1,14829.0,14842.0,1396-12-15
2018-03-10,14993.0,14993.0,14993.0,14993.0,258792624,17064,1,14842.0,14993.0,1396-12-19
2018-03-11,14851.0,14851.0,14645.0,14652.0,299392400,20200,4,14993.0,14645.0,1396-12-20
2018-03-12,14677.0,14677.0,14677.0,14677.0,8165300,550,1,14652.0,14677.0,1396-12-21
2018-03-13,14874.0,14874.0,14874.0,14874.0,40624200,2700,1,14677.0,14874.0,1396-12-22
2018-03-14,14937.0,14937.0,14937.0,14937.0,4532700,300,1,14874.0,14937.0,1396-12-23
2018-03-17,14532.0,14532.0,14532.0,14532.0,14700000,1000,1,14937.0,14532.0,1396-12-26
2018-03-19,14833.0,14905.0,14833.0,14857.0,4508500,300,2,14532.0,14905.0,1396-12-28
2018-03-28,14730.0,14730.0,14730.0,14730.0,7450000,500,1,14857.0,14730.0,1397-01-08
2018-04-03,14745.0,14745.0,14745.0,14745.0,6696835,449,2,14730.0,14745.0,1397-01-14
2018-04-08,14689.0,14689.0,14689.0,14689.0,1976247,133,1,14745.0,14689.0,1397-01-19
2018-04-09,14717.0,14717.0,14717.0,14717.0,2977400,200,1,14689.0,14717.0,1397-01-20
2018-04-10,14748.0,14748.0,14748.0,14748.0,1491800,100,1,14717.0,14748.0,1397-01-21
2018-04-17,14582.0,14582.0,14582.0,14582.0,19912500,1350,1,14748.0,14582.0,1397-01-28
2018-04-18,14446.0,14446.0,14446.0,14446.0,24023772,1644,2,14582.0,14446.0,1397-01-29
2018-04-21,14473.0,14473.0,14473.0,14473.0,2488800,170,2,14446.0,14473.0,1397-02-01
2018-04-24,14478.0,14478.0,14478.0,14478.0,99952125,6825,1,14473.0,14478.0,1397-02-04
2018-04-25,14531.0,14531.0,14531.0,14531.0,1469900,100,1,14478.0,14531.0,1397-02-05
2018-04-28,14532.0,14532.0,14532.0,14532.0,88200,6,1,14531.0,14532.0,1397-02-08
2018-04-29,14532.0,14532.0,14532.0,14532.0,1470000,100,1,14532.0,14532.0,1397-02-09
2018-05-09,13741.0,13741.0,13741.0,13741.0,7992500,575,1,14532.0,13741.0,1397-02-19
2018-05-14,13816.0,13816.0,13816.0,13816.0,11962600,856,3,13741.0,13816.0,1397-02-24
2018-05-15,13756.0,13782.0,13745.0,13755.0,834840000,60000,6,13816.0,13745.0,1397-02-25
2018-05-20,13768.0,13768.0,13768.0,13768.0,8982915,645,1,13755.0,13768.0,1397-02-30
2018-05-22,13245.0,13245.0,13217.0,13231.0,2141400000,160000,4,13768.0,13217.0,1397-03-01
2018-05-23,13224.0,13224.0,13208.0,13221.0,936150000,70000,3,13231.0,13208.0,1397-03-02
2018-05-26,13346.0,13346.0,12852.0,13191.0,1484087500,111225,5,13221.0,12852.0,1397-03-05
2018-05-27,13212.0,13212.0,13208.0,13210.0,1336200000,100000,4,13191.0,13208.0,1397-03-06
2018-05-28,13731.0,13731.0,13203.0,13204.0,669430569,50121,2,13210.0,13203.0,1397-03-07
2018-05-29,13203.0,13203.0,13203.0,13203.0,667750000,50000,1,13204.0,13203.0,1397-03-08
2018-05-30,13099.0,13099.0,13099.0,13099.0,662500000,50000,1,13203.0,13099.0,1397-03-09
2018-06-10,13099.0,13099.0,13099.0,13099.0,662500000,50000,1,13099.0,13099.0,1397-03-20
2018-06-13,13148.0,13162.0,13049.0,13140.0,1157221741,87064,11,13099.0,13099.0,1397-03-23
2018-06-17,13366.0,13592.0,13104.0,13373.0,3450052629,255041,39,13140.0,13592.0,1397-03-27
2018-06-18,13445.0,13620.0,13445.0,13531.0,1166874800,85253,19,13373.0,13445.0,1397-03-28
2018-06-19,13455.0,13468.0,13445.0,13452.0,417965214,30718,10,13531.0,13445.0,1397-03-29
2018-06-20,13365.0,13376.0,13356.0,13365.0,1506744470,111453,22,13452.0,13375.0,1397-03-30
2018-06-23,13840.0,15570.0,13840.0,15088.0,1294790016,84837,14,13365.0,15254.0,1397-04-02
2018-06-24,15560.0,16015.0,15560.0,15730.0,492704029,30965,17,15088.0,16013.0,1397-04-03
2018-06-25,16055.0,16656.0,16055.0,16440.0,1134797924,68237,20,15730.0,16635.0,1397-04-04
2018-06-26,16015.0,16015.0,15817.0,15962.0,247036000,15300,7,16440.0,15817.0,1397-04-05
2018-06-27,15521.0,15962.0,15521.0,15556.0,23603600,1500,3,15962.0,15531.0,1397-04-06
2018-06-30,15532.0,15916.0,15501.0,15544.0,384150620,24433,9,15556.0,15916.0,1397-04-09
2018-07-02,15274.0,15897.0,15274.0,15893.0,159960140,9950,4,15544.0,15897.0,1397-04-11
2018-07-03,15817.0,16245.0,15817.0,16209.0,491733892,29992,17,15893.0,16245.0,1397-04-12
2018-07-04,15817.0,15817.0,15649.0,15743.0,11816240,742,3,16209.0,15649.0,1397-04-13
2018-07-10,15442.0,15442.0,15442.0,15442.0,8278600,530,1,15743.0,15442.0,1397-04-19
2018-07-11,15264.0,15264.0,15264.0,15264.0,158723200,10280,2,15442.0,15264.0,1397-04-20
2018-07-14,15323.0,15323.0,14977.0,14989.0,278984700,18400,5,15264.0,14977.0,1397-04-23
2018-07-15,14938.0,14948.0,14938.0,14938.0,681945840,45132,4,14989.0,14948.0,1397-04-24
2018-07-16,14977.0,14977.0,14977.0,14977.0,9953550,657,1,14938.0,14977.0,1397-04-25
2018-07-17,14977.0,14977.0,14829.0,14880.0,50094720,3328,4,14977.0,14829.0,1397-04-26
2018-07-18,14809.0,14809.0,14803.0,14803.0,61454088,4104,4,14880.0,14803.0,1397-04-27
2018-07-22,15027.0,15027.0,15027.0,15027.0,211447200,13911,1,14803.0,15027.0,1397-04-31
2018-07-23,15125.0,15125.0,14888.0,14921.0,537900520,35639,6,15027.0,14888.0,1397-05-01
2018-07-25,14977.0,15422.0,14977.0,15120.0,33569250,2195,3,14921.0,15422.0,1397-05-03
2018-07-28,15638.0,16142.0,15638.0,15881.0,483949998,30127,21,15120.0,16142.0,1397-05-06
2018-07-29,16716.0,16716.0,15817.0,16172.0,475791946,29085,23,15881.0,15817.0,1397-05-07
2018-07-30,16810.0,16810.0,16810.0,16810.0,1188528588,69897,10,16172.0,16810.0,1397-05-08
2018-07-31,16810.0,17696.0,16519.0,17407.0,7864039028,446616,111,16810.0,17642.0,1397-05-09
2018-08-01,17498.0,18126.0,17410.0,17670.0,3053212377,170821,66,17407.0,17775.0,1397-05-10
2018-08-04,17597.0,17795.0,17432.0,17575.0,2435291601,136980,39,17670.0,17795.0,1397-05-13
2018-08-05,18189.0,18388.0,17805.0,18234.0,772150889,41864,39,17575.0,18232.0,1397-05-14
2018-08-06,19081.0,19633.0,18887.0,19232.0,1998073894,102705,60,18234.0,19198.0,1397-05-15
2018-08-07,18541.0,19297.0,18541.0,19041.0,219075707,11374,18,19232.0,19179.0,1397-05-16
2018-08-08,19042.0,19278.0,18656.0,18914.0,488371726,25526,57,19041.0,18656.0,1397-05-17
2018-08-11,18611.0,18736.0,18328.0,18562.0,914060521,48683,21,18914.0,18736.0,1397-05-20
2018-08-12,18314.0,18388.0,18050.0,18287.0,50906805,2752,8,18562.0,18050.0,1397-05-21
2018-08-13,18229.0,18229.0,17843.0,18053.0,152243846,8337,10,18287.0,17843.0,1397-05-22
2018-08-14,18310.0,18586.0,18310.0,18407.0,2867300,154,2,18053.0,18586.0,1397-05-23
2018-08-15,18139.0,18141.0,17985.0,18051.0,305649600,16740,6,18407.0,18141.0,1397-05-24
2018-08-18,18256.0,18586.0,18109.0,18334.0,110757926,5972,14,18051.0,18586.0,1397-05-27
2018-08-19,18501.0,19179.0,18398.0,18473.0,286295376,15321,16,18334.0,18684.0,1397-05-28
2018-08-20,19216.0,19544.0,19216.0,19315.0,88915363,4551,10,18473.0,19544.0,1397-05-29
2018-08-21,19603.0,19622.0,19574.0,19593.0,182731221,9220,7,19315.0,19574.0,1397-05-30
2018-08-25,19278.0,19670.0,19278.0,19417.0,586831064,29878,14,19593.0,19537.0,1397-06-03
2018-08-26,18592.0,19772.0,18592.0,19508.0,331434547,16796,21,19417.0,19306.0,1397-06-04
2018-08-27,20137.0,20137.0,19391.0,19897.0,115769047,5752,8,19508.0,20058.0,1397-06-05
2018-08-28,19969.0,19969.0,19969.0,19969.0,10099500,500,1,19897.0,19969.0,1397-06-06
2018-08-29,19741.0,19741.0,19693.0,19719.0,18151810,910,4,19969.0,19693.0,1397-06-07
2018-09-01,19688.0,19688.0,19074.0,19663.0,413091587,20769,10,19719.0,19179.0,1397-06-10
2018-09-02,18776.0,18783.0,18776.0,18783.0,17289573,910,4,19663.0,18783.0,1397-06-11
2018-09-03,18783.0,18783.0,18783.0,18783.0,3800000,200,1,18783.0,18783.0,1397-06-12
2018-09-04,18943.0,19945.0,18943.0,19067.0,68544450,3554,6,18783.0,19711.0,1397-06-13
2018-09-05,19278.0,19673.0,19278.0,19338.0,318748795,16295,12,19067.0,19673.0,1397-06-14
2018-09-08,19901.0,19901.0,19182.0,19416.0,350713737,17857,13,19338.0,19525.0,1397-06-17
2018-09-09,19132.0,19663.0,19129.0,19351.0,195235816,9974,10,19416.0,19574.0,1397-06-18
2018-09-10,20511.0,20511.0,19758.0,19859.0,346410400,17245,11,19351.0,20355.0,1397-06-19
2018-09-11,20030.0,20463.0,20030.0,20301.0,356699569,17370,21,19859.0,20459.0,1397-06-20
2018-09-12,20759.0,21551.0,20759.0,20990.0,169069987,7963,14,20301.0,21245.0,1397-06-21
2018-09-15,21966.0,21971.0,21452.0,21695.0,450179124,20514,45,20990.0,21475.0,1397-06-24
2018-09-16,20933.0,21354.0,20931.0,20956.0,91235974,4304,9,21695.0,21354.0,1397-06-25
2018-09-17,21645.0,21848.0,21645.0,21685.0,138978500,6336,8,20956.0,21650.0,1397-06-26
2018-09-18,21513.0,21513.0,21057.0,21327.0,152499731,7069,15,21685.0,21058.0,1397-06-27
2018-09-22,20958.0,21749.0,20955.0,21197.0,933965978,43557,21,21327.0,21747.0,1397-06-31
2018-09-23,21215.0,21947.0,21215.0,21250.0,156613659,7286,13,21197.0,21232.0,1397-07-01
2018-09-24,21866.0,22046.0,21864.0,21894.0,154123713,6959,15,21250.0,21864.0,1397-07-02
2018-09-25,22639.0,23231.0,22333.0,22819.0,883684298,38284,34,21894.0,23231.0,1397-07-03
2018-09-26,23830.0,24220.0,23239.0,24128.0,289866443,11877,17,22819.0,24220.0,1397-07-04
2018-09-29,24454.0,24913.0,23637.0,24775.0,653450151,26074,36,24128.0,24913.0,1397-07-07
2018-09-30,25605.0,26198.0,25506.0,25861.0,1844807385,70522,53,24775.0,26198.0,1397-07-08
2018-10-01,26254.0,26254.0,25344.0,25711.0,766598118,29475,37,25861.0,26004.0,1397-07-09
2018-10-02,25999.0,25999.0,24097.0,24549.0,2778607137,111898,42,25711.0,24097.0,1397-07-10
2018-10-03,24275.0,24715.0,23871.0,24513.0,374451546,15101,17,24549.0,24270.0,1397-07-11
2018-10-06,25415.0,25688.0,23786.0,25126.0,902736020,35518,23,24513.0,23786.0,1397-07-14
2018-10-07,23646.0,24495.0,23168.0,23374.0,722407325,30554,17,25126.0,23168.0,1397-07-15
2018-10-08,23232.0,23825.0,23171.0,23217.0,224794089,9572,9,23374.0,23825.0,1397-07-16
2018-10-09,24220.0,25239.0,23924.0,24792.0,785569568,31325,35,23217.0,24715.0,1397-07-17
2018-10-10,30646.0,30646.0,23528.0,25114.0,267452765,10528,26,24792.0,24290.0,1397-07-18
2018-10-13,24335.0,24335.0,23435.0,24032.0,131439700,5407,15,25114.0,23435.0,1397-07-21
2018-10-15,24398.0,25011.0,24398.0,24843.0,409666536,16302,23,24032.0,25011.0,1397-07-23
2018-10-16,25388.0,25605.0,24913.0,25407.0,226909078,8829,27,24843.0,25380.0,1397-07-24
2018-10-17,24715.0,25703.0,24129.0,24929.0,677950496,26885,29,25407.0,25654.0,1397-07-25
2018-10-20,25732.0,26301.0,25731.0,26142.0,187194763,7079,7,24929.0,26049.0,1397-07-28
2018-10-21,26098.0,26098.0,25512.0,25651.0,136221848,5250,10,26142.0,26089.0,1397-07-29
2018-10-22,25407.0,25605.0,25407.0,25498.0,116528006,4518,29,25651.0,25605.0,1397-07-30
2018-10-23,26039.0,26039.0,24908.0,25109.0,231894924,9130,11,25498.0,25300.0,1397-08-01
2018-10-24,25109.0,25109.0,25051.0,25063.0,12878620,508,4,25109.0,25051.0,1397-08-02
2018-10-27,25165.0,25165.0,23821.0,24097.0,4333624181,177787,25,25063.0,23821.0,1397-08-05
2018-10-28,24517.0,24616.0,24517.0,24567.0,550591080,22156,6,24097.0,24568.0,1397-08-06
2018-10-29,24697.0,24999.0,24697.0,24960.0,26661842,1056,4,24567.0,24999.0,1397-08-07
2018-10-31,25011.0,25604.0,25011.0,25453.0,50669481,1968,10,24960.0,25385.0,1397-08-09
2018-11-03,25438.0,25438.0,24444.0,24476.0,1082880933,43739,15,25453.0,24793.0,1397-08-12
2018-11-04,24912.0,24912.0,24456.0,24471.0,254059953,10264,5,24476.0,24456.0,1397-08-13
2018-11-05,24785.0,24788.0,24548.0,24582.0,130544600,5250,6,24471.0,24548.0,1397-08-14
2018-11-06,24849.0,24849.0,24711.0,24805.0,167479500,6675,6,24582.0,24802.0,1397-08-15
2018-11-10,24880.0,24880.0,24715.0,24871.0,26667000,1060,3,24805.0,24715.0,1397-08-19
2018-11-12,24501.0,24517.0,24468.0,24496.0,238350293,9619,18,24871.0,24500.0,1397-08-21
2018-11-13,24675.0,24675.0,24583.0,24620.0,24804332,996,3,24496.0,24583.0,1397-08-22
2018-11-14,24482.0,24514.0,24481.0,24496.0,6318715,255,3,24620.0,24481.0,1397-08-23
2018-11-17,24480.0,24480.0,23962.0,24174.0,363906308,14882,17,24496.0,23963.0,1397-08-26
2018-11-18,23776.0,23776.0,23363.0,23398.0,74176047,3134,7,24174.0,23615.0,1397-08-27
2018-11-19,24833.0,24833.0,23785.0,23823.0,62847064,2608,3,23398.0,23785.0,1397-08-28
2018-11-20,24319.0,24319.0,23663.0,23705.0,183653800,7659,4,23823.0,23663.0,1397-08-29
2018-11-21,23613.0,23613.0,23613.0,23613.0,23886000,1000,1,23705.0,23613.0,1397-08-30
2018-11-24,23613.0,23613.0,22923.0,23240.0,1161409492,49404,16,23613.0,23016.0,1397-09-03
2018-11-26,22920.0,23133.0,22426.0,22726.0,57563024,2504,5,23240.0,23133.0,1397-09-05
2018-11-27,22678.0,23212.0,22608.0,22777.0,9170062,398,3,22726.0,23212.0,1397-09-06
2018-12-01,22449.0,22449.0,21561.0,21771.0,187184378,8500,14,22777.0,22340.0,1397-09-10
2018-12-02,22608.0,22608.0,22271.0,22299.0,95862668,4250,2,21771.0,22271.0,1397-09-11
2018-12-03,22253.0,23421.0,22253.0,22505.0,105492340,4634,3,22299.0,23421.0,1397-09-12
2018-12-04,22836.0,22836.0,22836.0,22836.0,42180600,1826,1,22505.0,22836.0,1397-09-13
2018-12-05,23464.0,23464.0,23464.0,23464.0,1186750,50,1,22836.0,23464.0,1397-09-14
2018-12-08,22659.0,23133.0,22659.0,22734.0,12256660,533,4,23464.0,23133.0,1397-09-17
2018-12-09,22752.0,22752.0,22382.0,22580.0,18501150,810,3,22734.0,22382.0,1397-09-18
2018-12-10,22441.0,22513.0,22424.0,22496.0,241058698,10593,13,22580.0,22512.0,1397-09-19
2018-12-11,22655.0,22655.0,22655.0,22655.0,13749600,600,2,22496.0,22655.0,1397-09-20
2018-12-12,22278.0,22278.0,22227.0,22260.0,1750052448,77722,8,22655.0,22228.0,1397-09-21
2018-12-15,22222.0,22224.0,22222.0,22222.0,313771292,13959,12,22260.0,22222.0,1397-09-24
2018-12-16,21966.0,21966.0,21966.0,21966.0,111100000,5000,2,22222.0,21966.0,1397-09-25
2018-12-17,21833.0,21833.0,21833.0,21833.0,34342175,1555,3,21966.0,21833.0,1397-09-26
2018-12-18,21439.0,21533.0,21439.0,21501.0,23945541,1101,2,21833.0,21533.0,1397-09-27
2018-12-19,21193.0,21193.0,21106.0,21159.0,13483990,630,3,21501.0,21106.0,1397-09-28
2018-12-22,21191.0,21749.0,21191.0,21202.0,147192536,6863,4,21159.0,21749.0,1397-10-01
2018-12-23,22130.0,22130.0,22130.0,22130.0,5976795,267,2,21202.0,22130.0,1397-10-02
2018-12-24,22203.0,22203.0,22203.0,22203.0,5614750,250,1,22130.0,22203.0,1397-10-03
2018-12-25,22075.0,22075.0,22074.0,22074.0,4465900,200,2,22203.0,22074.0,1397-10-04
2018-12-26,21451.0,21451.0,21249.0,21273.0,51642310,2400,5,22074.0,21340.0,1397-10-05
2018-12-29,21688.0,22516.0,21688.0,21698.0,172029926,7838,4,21273.0,22516.0,1397-10-08
2018-12-31,22516.0,22517.0,22516.0,22517.0,7561912,332,2,21698.0,22517.0,1397-10-10
2019-01-01,22517.0,22517.0,22510.0,22513.0,2277350,100,2,22517.0,22510.0,1397-10-11
2019-01-02,22517.0,22517.0,21887.0,22115.0,26396160,1180,6,22513.0,22517.0,1397-10-12
2019-01-05,22589.0,22589.0,22490.0,22502.0,16479700,724,3,22115.0,22490.0,1397-10-15
2019-01-06,22367.0,22367.0,22367.0,22367.0,2262500,100,1,22502.0,22367.0,1397-10-16
2019-01-07,22275.0,22739.0,22275.0,22361.0,153425442,6783,4,22367.0,22366.0,1397-10-17
2019-01-08,22720.0,22720.0,22720.0,22720.0,1103136,48,1,22361.0,22720.0,1397-10-18
2019-01-09,22688.0,23133.0,22688.0,22743.0,13113000,570,2,22720.0,23133.0,1397-10-19
2019-01-12,23078.0,23078.0,23027.0,23030.0,22829690,980,5,22743.0,23027.0,1397-10-22
2019-01-13,23034.0,23034.0,22569.0,22660.0,31472440,1373,6,23030.0,22724.0,1397-10-23
2019-01-14,22553.0,22995.0,22553.0,22704.0,109431000,4765,4,22660.0,22836.0,1397-10-24
2019-01-15,23064.0,23163.0,23064.0,23156.0,238914090,10200,6,22704.0,23163.0,1397-10-25
2019-01-16,23077.0,23077.0,23077.0,23077.0,1634010,70,1,23156.0,23077.0,1397-10-26
2019-01-19,23181.0,23181.0,22888.0,23002.0,3490050,150,3,23077.0,22888.0,1397-10-29
2019-01-21,22741.0,22741.0,22741.0,22741.0,2875375,125,1,23002.0,22741.0,1397-11-01
2019-01-22,22787.0,22787.0,22397.0,22425.0,26404610,1164,4,22741.0,22397.0,1397-11-02
2019-01-23,22382.0,22397.0,22382.0,22394.0,13591500,600,2,22425.0,22397.0,1397-11-03
2019-01-26,22504.0,22594.0,22461.0,22592.0,1163716408,50922,5,22394.0,22594.0,1397-11-06
2019-01-27,22093.0,22093.0,22093.0,22093.0,134088000,6000,1,22592.0,22093.0,1397-11-07
2019-01-30,22422.0,22422.0,22422.0,22422.0,1134050,50,1,22093.0,22422.0,1397-11-10
2019-02-04,22200.0,22200.0,22200.0,22200.0,2245600,100,1,22422.0,22200.0,1397-11-15
2019-02-06,22412.0,22412.0,22412.0,22412.0,20177190,890,1,22200.0,22412.0,1397-11-17
2019-02-10,22260.0,22260.0,22235.0,22242.0,4117286,183,2,22412.0,22235.0,1397-11-21
2019-02-13,21651.0,21651.0,21651.0,21651.0,422557894,19294,2,22242.0,21651.0,1397-11-24
2019-02-16,21691.0,22067.0,21634.0,21712.0,64814265,2951,4,21651.0,21634.0,1397-11-27
2019-02-17,21564.0,21611.0,21436.0,21467.0,37089683,1708,4,21712.0,21436.0,1397-11-28
2019-02-18,21617.0,21617.0,21616.0,21616.0,874600400,40000,2,21467.0,21616.0,1397-11-29
2019-02-19,21862.0,21862.0,21861.0,21861.0,116801101,5282,3,21616.0,21861.0,1397-11-30
2019-02-20,22044.0,22046.0,22044.0,22045.0,22142900,993,3,21861.0,22046.0,1397-12-01
2019-02-23,22738.0,23489.0,22738.0,23212.0,5658718,241,5,22045.0,23425.0,1397-12-04
2019-02-24,23479.0,23726.0,23479.0,23621.0,73807938,3089,7,23212.0,23726.0,1397-12-05
2019-02-25,23881.0,23881.0,23881.0,23881.0,13962746,578,1,23621.0,23881.0,1397-12-06
2019-02-26,23177.0,23177.0,23123.0,23127.0,14036376,600,2,23881.0,23123.0,1397-12-07
2019-02-27,23123.0,23262.0,23123.0,23212.0,19723620,840,3,23127.0,23262.0,1397-12-08
2019-03-02,23557.0,23557.0,23532.0,23555.0,33477120,1405,3,23212.0,23532.0,1397-12-11
2019-03-04,23411.0,23411.0,22904.0,23008.0,236793760,10174,3,23555.0,22911.0,1397-12-13
2019-03-05,23366.0,23366.0,22749.0,22859.0,138390132,5985,2,23008.0,22749.0,1397-12-14
2019-03-06,22802.0,23219.0,22761.0,22893.0,311136832,13436,4,22859.0,23219.0,1397-12-15
2019-03-09,22743.0,22743.0,22743.0,22743.0,1679365,73,1,22893.0,22743.0,1397-12-18
2019-03-10,22852.0,23034.0,22852.0,22950.0,2507200,108,2,22743.0,23034.0,1397-12-19
2019-03-11,23501.0,23501.0,23501.0,23501.0,37607304,1582,1,22950.0,23501.0,1397-12-20
2019-03-13,23456.0,24118.0,23456.0,24103.0,1098668230,45062,10,23501.0,24054.0,1397-12-22
2019-03-16,24291.0,24319.0,24291.0,24315.0,17192732,699,2,24103.0,24319.0,1397-12-25
2019-03-17,24714.0,24715.0,24714.0,24715.0,12824880,513,4,24315.0,24715.0,1397-12-26
2019-03-18,24934.0,25210.0,24934.0,25073.0,21557300,850,3,24715.0,24962.0,1397-12-27
2019-03-19,25585.0,25585.0,25209.0,25555.0,748959790,28973,10,25073.0,25308.0,1397-12-28
2019-03-25,25662.0,25662.0,25662.0,25662.0,19987660,770,1,25555.0,25662.0,1398-01-05
2019-03-27,25703.0,25796.0,25703.0,25784.0,52555158,2015,3,25662.0,25796.0,1398-01-07
2019-03-30,25802.0,25802.0,25709.0,25731.0,67750300,2603,5,25784.0,25802.0,1398-01-10
2019-04-06,25544.0,25672.0,25544.0,25604.0,77282462,2984,4,25731.0,25672.0,1398-01-17
2019-04-07,25769.0,26478.0,25769.0,26012.0,472648159,17963,8,25604.0,26198.0,1398-01-18
2019-04-08,25638.0,26562.0,25638.0,26389.0,185151819,6936,3,26012.0,26562.0,1398-01-19
2019-04-09,26389.0,26544.0,26389.0,26526.0,113527314,4231,2,26389.0,26544.0,1398-01-20
2019-04-10,26593.0,26692.0,26494.0,26644.0,122815600,4557,4,26526.0,26692.0,1398-01-21
2019-04-13,27018.0,27018.0,26960.0,27008.0,115154175,4215,4,26644.0,26989.0,1398-01-24
2019-04-14,26505.0,26505.0,26397.0,26470.0,164347918,6138,2,27008.0,26397.0,1398-01-25
2019-04-15,27876.0,27876.0,27146.0,27549.0,208637387,7487,6,26470.0,27146.0,1398-01-26
2019-04-16,27611.0,27611.0,27611.0,27611.0,1089270,39,1,27549.0,27611.0,1398-01-27
2019-04-17,26906.0,27228.0,26906.0,27210.0,205629554,7471,3,27611.0,27216.0,1398-01-28
2019-04-20,27681.0,28224.0,27674.0,27792.0,201289267,7160,6,27210.0,28224.0,1398-01-31
2019-04-22,27651.0,27681.0,27651.0,27681.0,60815790,2172,6,27792.0,27681.0,1398-02-02
2019-04-23,27376.0,27978.0,27376.0,27628.0,2403436,86,2,27681.0,27978.0,1398-02-03
2019-04-27,28273.0,28318.0,28261.0,28273.0,111651080,3904,4,27628.0,28318.0,1398-02-07
2019-04-28,28237.0,28793.0,28237.0,28408.0,38449340,1338,5,28273.0,28595.0,1398-02-08
2019-04-29,28873.0,29243.0,28831.0,28876.0,38000643,1301,7,28408.0,29243.0,1398-02-09
2019-04-30,30356.0,30356.0,29618.0,29766.0,1031707315,34265,18,28876.0,29734.0,1398-02-10
2019-05-01,29765.0,29855.0,29658.0,29824.0,182485692,6049,4,29766.0,29855.0,1398-02-11
2019-05-04,29824.0,30903.0,29824.0,30500.0,191590823,6210,21,29824.0,30805.0,1398-02-14
2019-05-05,30888.0,30893.0,29758.0,30824.0,1152132913,36951,21,30500.0,30414.0,1398-02-15
2019-05-06,29855.0,29855.0,28925.0,29073.0,101020010,3435,14,30824.0,28926.0,1398-02-16
2019-05-07,28669.0,28669.0,27851.0,28290.0,289993848,10134,9,29073.0,27851.0,1398-02-17
2019-05-08,28675.0,29276.0,28560.0,28654.0,743657087,25657,22,28290.0,28921.0,1398-02-18
2019-05-11,29199.0,29199.0,28044.0,28535.0,413039266,14310,11,28654.0,28145.0,1398-02-21
2019-05-12,27539.0,27714.0,27290.0,27333.0,1449743681,52435,8,28535.0,27714.0,1398-02-22
2019-05-13,27878.0,28076.0,27590.0,27778.0,47627000,1695,6,27333.0,27839.0,1398-02-23
2019-05-14,28535.0,28535.0,28535.0,28535.0,2886400,100,1,27778.0,28535.0,1398-02-24
2019-05-15,27869.0,27869.0,24715.0,27565.0,281060494,10080,10,28535.0,27706.0,1398-02-25
2019-05-18,28381.0,28381.0,28381.0,28381.0,1004815,35,1,27565.0,28381.0,1398-02-28
2019-05-19,28247.0,28247.0,27689.0,28236.0,50753917,1777,2,28381.0,27689.0,1398-02-29
2019-05-20,27498.0,28196.0,27498.0,27830.0,23647000,840,2,28236.0,28196.0,1398-02-30
2019-05-21,28067.0,28611.0,28051.0,28175.0,289245502,10149,5,27830.0,28523.0,1398-02-31
2019-05-22,27977.0,27977.0,27908.0,27928.0,12429880,440,2,28175.0,27908.0,1398-03-01
2019-05-25,28392.0,28454.0,28392.0,28435.0,47718338,1659,2,27928.0,28454.0,1398-03-04
2019-05-26,28638.0,28638.0,28638.0,28638.0,1738080,60,1,28435.0,28638.0,1398-03-05
2019-05-28,28639.0,29113.0,28639.0,28947.0,76366152,2608,4,28638.0,28970.0,1398-03-07
2019-05-29,29163.0,29360.0,29120.0,29121.0,1514150789,51402,4,28947.0,29120.0,1398-03-08
2019-06-01,29165.0,29449.0,29148.0,29152.0,328288259,11133,12,29121.0,29218.0,1398-03-11
2019-06-02,29218.0,29218.0,28937.0,29034.0,112041265,3815,6,29152.0,28937.0,1398-03-12
2019-06-03,28966.0,29108.0,28966.0,28981.0,196410800,6700,7,29034.0,28966.0,1398-03-13
2019-06-08,29095.0,29746.0,29095.0,29330.0,85769655,2891,7,28981.0,29106.0,1398-03-18
2019-06-09,30098.0,30098.0,30098.0,30098.0,10351300,340,1,29330.0,30098.0,1398-03-19
2019-06-10,29740.0,29741.0,29740.0,29740.0,347097689,11538,3,30098.0,29741.0,1398-03-20
2019-06-11,29692.0,29726.0,29692.0,29710.0,189332700,6300,5,29740.0,29726.0,1398-03-21
2019-06-12,30530.0,30646.0,30076.0,30091.0,169237120,5560,3,29710.0,30646.0,1398-03-22
2019-06-15,30043.0,31018.0,30043.0,30438.0,594975976,19324,11,30091.0,30419.0,1398-03-25
2019-06-16,30861.0,31042.0,30780.0,30907.0,22385020,716,3,30438.0,30780.0,1398-03-26
2019-06-17,31166.0,31166.0,30754.0,30814.0,118446700,3800,3,30907.0,30762.0,1398-03-27
2019-06-18,30173.0,30173.0,30173.0,30173.0,488336,16,1,30814.0,30173.0,1398-03-28
2019-06-19,30071.0,30083.0,29940.0,30047.0,21701330,714,8,30173.0,30083.0,1398-03-29
2019-06-22,30004.0,30699.0,30004.0,30033.0,31747385,1045,2,30047.0,30699.0,1398-04-01
2019-06-23,30545.0,30545.0,30475.0,30497.0,3300799,107,2,30033.0,30475.0,1398-04-02
2019-06-24,30833.0,31738.0,30833.0,31444.0,580963335,18265,17,30497.0,31369.0,1398-04-03
2019-06-25,31901.0,31951.0,31562.0,31684.0,200984222,6271,6,31444.0,31638.0,1398-04-04
2019-06-26,31911.0,31911.0,31911.0,31911.0,1613950,50,1,31684.0,31911.0,1398-04-05
2019-06-30,32841.0,32841.0,32192.0,32512.0,2071868,63,2,31911.0,32192.0,1398-04-09
2019-07-01,32582.0,32582.0,31857.0,31960.0,87320801,2701,5,32512.0,32035.0,1398-04-10
2019-07-02,34106.0,34106.0,32168.0,32715.0,256605303,7754,11,31960.0,32793.0,1398-04-11
2019-07-03,32952.0,32952.0,32838.0,32889.0,28445041,855,8,32715.0,32838.0,1398-04-12
2019-07-06,32241.0,32556.0,32241.0,32354.0,21043529,643,2,32889.0,32556.0,1398-04-15
2019-07-08,32937.0,33560.0,32870.0,33502.0,187776841,5541,7,32354.0,32906.0,1398-04-17
2019-07-10,33424.0,33997.0,33424.0,33573.0,45846150,1350,4,33502.0,33997.0,1398-04-19
2019-07-13,33612.0,34190.0,33612.0,33943.0,134045565,3904,13,33573.0,34184.0,1398-04-22
2019-07-14,34440.0,34960.0,34440.0,34877.0,338252704,9588,6,33943.0,34892.0,1398-04-23
2019-07-15,35095.0,35095.0,34069.0,34498.0,423668238,12141,15,34877.0,34460.0,1398-04-24
2019-07-16,33485.0,33485.0,32879.0,33057.0,331299725,9908,8,34498.0,32941.0,1398-04-25
2019-07-17,32982.0,33761.0,32731.0,33348.0,108215182,3208,8,33057.0,33266.0,1398-04-26
2019-07-20,32734.0,32734.0,32734.0,32734.0,198672000,6000,1,33348.0,32734.0,1398-04-29
2019-07-21,33315.0,33909.0,33094.0,33295.0,463689435,13768,11,32734.0,33094.0,1398-04-30
2019-07-22,34080.0,34280.0,33316.0,34045.0,51933149,1508,9,33295.0,33316.0,1398-04-31
2019-07-23,34101.0,34101.0,33701.0,33889.0,25195840,735,10,34045.0,33701.0,1398-05-01
2019-07-24,33933.0,33933.0,33933.0,33933.0,1029750,30,1,33889.0,33933.0,1398-05-02
2019-07-27,34150.0,34150.0,33414.0,34041.0,25447020,739,4,33933.0,33415.0,1398-05-05
2019-07-28,33417.0,33418.0,33417.0,33417.0,54220328,1604,7,34041.0,33417.0,1398-05-06
2019-07-29,33715.0,33715.0,33435.0,33707.0,127929908,3752,4,33417.0,33715.0,1398-05-07
2019-07-30,33918.0,33955.0,33742.0,33871.0,100352921,2929,17,33707.0,33906.0,1398-05-08
2019-07-31,33900.0,34222.0,33558.0,34109.0,17113403,496,7,33871.0,34205.0,1398-05-09
2019-08-03,34060.0,34106.0,33619.0,34052.0,36993530,1074,7,34109.0,33619.0,1398-05-12
2019-08-05,34272.0,34272.0,34112.0,34203.0,183852756,5314,8,34052.0,34202.0,1398-05-14
2019-08-06,33972.0,33972.0,33905.0,33966.0,10960076,319,2,34203.0,33905.0,1398-05-15
2019-08-07,33711.0,33810.0,33135.0,33293.0,57924292,1720,7,33966.0,33453.0,1398-05-16
2019-08-10,33452.0,33452.0,33217.0,33324.0,7314762,217,4,33293.0,33217.0,1398-05-19
2019-08-11,33662.0,33662.0,33662.0,33662.0,2111100,62,1,33324.0,33662.0,1398-05-20
2019-08-13,33070.0,33737.0,33056.0,33090.0,152798286,4565,5,33662.0,33737.0,1398-05-22
2019-08-14,33736.0,33908.0,33736.0,33757.0,27453900,804,3,33090.0,33908.0,1398-05-23
2019-08-17,33939.0,33940.0,33751.0,33783.0,33865441,991,7,33757.0,33751.0,1398-05-26
2019-08-18,33837.0,33844.0,33550.0,33702.0,34227208,1004,6,33783.0,33550.0,1398-05-27
2019-08-19,34106.0,34106.0,33948.0,33978.0,25811550,751,7,33702.0,33958.0,1398-05-28
2019-08-21,34008.0,34106.0,33647.0,33923.0,501669185,14620,15,33978.0,33920.0,1398-05-30
2019-08-24,33875.0,34887.0,33875.0,34065.0,746362050,21660,13,33923.0,34887.0,1398-06-02
2019-08-25,33757.0,34502.0,33217.0,33484.0,25368420,749,6,34065.0,34502.0,1398-06-03
2019-08-26,33594.0,33594.0,33316.0,33471.0,571032777,16866,16,33484.0,33390.0,1398-06-04
2019-08-27,33092.0,34305.0,32861.0,34285.0,1521290298,43865,6,33471.0,34305.0,1398-06-05
2019-08-28,33513.0,33573.0,32624.0,33353.0,72503495,2149,6,34285.0,33573.0,1398-06-06
2019-08-31,34223.0,34223.0,32783.0,33199.0,139232550,4146,12,33353.0,33466.0,1398-06-09
2019-09-01,33437.0,34666.0,33414.0,33577.0,390893197,11509,7,33199.0,34665.0,1398-06-10
2019-09-02,35095.0,35095.0,33955.0,35016.0,66553543,1879,11,33577.0,33959.0,1398-06-11
2019-09-03,33267.0,35115.0,33267.0,34833.0,48765345,1384,9,35016.0,35115.0,1398-06-12
2019-09-04,34163.0,35194.0,34163.0,35005.0,60656336,1713,6,34833.0,35194.0,1398-06-13
2019-09-07,35391.0,35471.0,35391.0,35457.0,626688321,17473,13,35005.0,35471.0,1398-06-16
2019-09-08,36197.0,36232.0,35491.0,36204.0,109645513,2994,7,35457.0,36232.0,1398-06-17
2019-09-11,36046.0,36578.0,36046.0,36567.0,1323350540,35777,8,36204.0,36578.0,1398-06-20
2019-09-14,35002.0,36553.0,35002.0,35717.0,49351538,1366,7,36567.0,36553.0,1398-06-23
2019-09-15,37369.0,37369.0,34798.0,35371.0,520944610,14560,10,35717.0,36148.0,1398-06-24
2019-09-16,37516.0,37516.0,36084.0,37007.0,80557608,2152,7,35371.0,36776.0,1398-06-25
2019-09-17,36093.0,36577.0,36093.0,36248.0,92031780,2510,7,37007.0,36577.0,1398-06-26
2019-09-18,36181.0,36181.0,34478.0,36133.0,263010692,7196,10,36248.0,34478.0,1398-06-27
2019-09-22,35589.0,36003.0,35589.0,35983.0,10664483,293,5,36133.0,36003.0,1398-06-31
2019-09-23,35589.0,35985.0,35589.0,35782.0,51940000,1435,5,35983.0,35985.0,1398-07-01
2019-09-24,34937.0,36004.0,34935.0,35144.0,49201590,1384,7,35782.0,34935.0,1398-07-02
2019-09-25,36084.0,36084.0,35585.0,35613.0,47984278,1332,8,35144.0,35984.0,1398-07-03
2019-09-28,35435.0,36542.0,35435.0,35751.0,66070956,1827,13,35613.0,36542.0,1398-07-06
2019-09-29,34860.0,36375.0,34860.0,34902.0,41836401,1185,6,35751.0,36375.0,1398-07-07
2019-09-30,34636.0,35138.0,33504.0,34411.0,365829227,10510,14,34902.0,35138.0,1398-07-08
2019-10-01,35138.0,35170.0,33536.0,34497.0,385970337,11061,19,34411.0,34601.0,1398-07-09
2019-10-02,34595.0,35226.0,34595.0,34607.0,375367823,10723,5,34497.0,35226.0,1398-07-10
2019-10-05,36241.0,37199.0,35283.0,36104.0,955387210,26160,29,34607.0,37198.0,1398-07-13
2019-10-06,33353.0,34966.0,33349.0,33833.0,161089534,4707,14,36104.0,34957.0,1398-07-14
2019-10-07,34601.0,34975.0,34601.0,34637.0,37874900,1081,9,33833.0,34601.0,1398-07-15
2019-10-08,34304.0,35303.0,34304.0,35292.0,2343191719,65638,21,34637.0,35300.0,1398-07-16
2019-10-09,34050.0,34050.0,32467.0,33376.0,32377010,959,19,35292.0,33513.0,1398-07-17
2019-10-12,34561.0,34561.0,33513.0,34259.0,3692733100,106559,17,33376.0,34106.0,1398-07-20
2019-10-13,34897.0,34961.0,34897.0,34953.0,228115344,6452,3,34259.0,34961.0,1398-07-21
2019-10-14,33302.0,38110.0,32667.0,34676.0,2784320204,79380,49,34953.0,38070.0,1398-07-22
2019-10-15,38070.0,38852.0,36086.0,37643.0,356931160,9374,38,34676.0,36088.0,1398-07-23
2019-10-16,35878.0,37763.0,35787.0,36305.0,234700026,6391,25,37643.0,37263.0,1398-07-24
2019-10-20,36973.0,37487.0,36468.0,36657.0,64073855,1728,21,36305.0,36776.0,1398-07-28
2019-10-21,36937.0,36937.0,35367.0,35863.0,139121182,3835,17,36657.0,36904.0,1398-07-29
2019-10-22,37492.0,37646.0,36598.0,37388.0,289504648,7655,17,35863.0,37566.0,1398-07-30
2019-10-23,37809.0,37809.0,37072.0,37193.0,90029562,2393,8,37388.0,37802.0,1398-08-01
2019-10-26,37657.0,37657.0,36579.0,36827.0,245973702,6603,13,37193.0,37657.0,1398-08-04
2019-10-28,38056.0,38056.0,37075.0,37795.0,13036798,341,5,36827.0,38005.0,1398-08-06
2019-10-30,37517.0,37715.0,36331.0,37433.0,174897983,4619,20,37795.0,37566.0,1398-08-08
2019-11-02,36430.0,36973.0,36430.0,36511.0,19869500,538,6,37433.0,36825.0,1398-08-11
2019-11-03,37171.0,37171.0,35980.0,36020.0,1339741042,36770,27,36511.0,35980.0,1398-08-12
2019-11-04,37456.0,37456.0,35932.0,36217.0,159509179,4354,17,36020.0,36262.0,1398-08-13
2019-11-05,36881.0,36881.0,36881.0,36881.0,3730700,100,2,36217.0,36881.0,1398-08-14
2019-11-09,36973.0,37214.0,35570.0,36542.0,314522955,8509,17,36881.0,35570.0,1398-08-18
2019-11-10,34604.0,36998.0,34603.0,34977.0,76211708,2154,10,36542.0,35589.0,1398-08-19
2019-11-11,35392.0,36578.0,35344.0,35441.0,107873400,3009,4,34977.0,35344.0,1398-08-20
2019-11-12,36578.0,36911.0,35427.0,36521.0,105617702,2859,11,35441.0,36911.0,1398-08-21
2019-11-13,35594.0,37072.0,35594.0,36689.0,111335091,3000,12,36521.0,35600.0,1398-08-22
2019-11-16,36726.0,36726.0,35289.0,35543.0,308047622,8568,9,36689.0,35289.0,1398-08-25
2019-11-17,35341.0,36553.0,35341.0,36084.0,4708475,129,3,35543.0,36553.0,1398-08-26
2019-11-18,35043.0,35043.0,35042.0,35042.0,53204598,1501,3,36084.0,35042.0,1398-08-27
2019-11-19,36145.0,36145.0,36145.0,36145.0,1096860,30,1,35042.0,36145.0,1398-08-28
2019-11-20,35490.0,36548.0,35282.0,35353.0,39622820,1108,7,36145.0,36548.0,1398-08-29
2019-11-23,35212.0,35935.0,34430.0,35161.0,389745444,10958,8,35353.0,35629.0,1398-09-02
2019-11-24,35786.0,35786.0,34700.0,35483.0,227737542,6345,19,35161.0,35734.0,1398-09-03
2019-11-25,35738.0,35738.0,35734.0,35734.0,51219242,1417,2,35483.0,35734.0,1398-09-04
2019-11-26,36029.0,36029.0,35735.0,35811.0,54263098,1498,6,35734.0,36015.0,1398-09-05
2019-11-27,35733.0,35753.0,35733.0,35734.0,104027410,2878,6,35811.0,35733.0,1398-09-06
2019-11-30,36291.0,36291.0,35315.0,35793.0,70095723,1936,12,35734.0,35589.0,1398-09-09
2019-12-01,37111.0,37176.0,35589.0,35929.0,211011078,5806,14,35793.0,35935.0,1398-09-10
2019-12-02,36814.0,36814.0,35590.0,36274.0,23226407,633,3,35929.0,35590.0,1398-09-11
2019-12-03,36733.0,36733.0,35589.0,36091.0,864355149,23676,17,36274.0,35589.0,1398-09-12
2019-12-04,35589.0,36577.0,35589.0,36288.0,188378352,5132,10,36091.0,36288.0,1398-09-13
2019-12-07,36528.0,36815.0,36085.0,36617.0,864734274,23346,22,36288.0,36639.0,1398-09-16
2019-12-08,36640.0,37369.0,36062.0,36257.0,3276364086,89334,23,36617.0,36187.0,1398-09-17
2019-12-09,36578.0,37893.0,36578.0,37014.0,203229513,5428,22,36257.0,37892.0,1398-09-18
2019-12-10,38294.0,38294.0,36628.0,37356.0,125641932,3325,16,37014.0,36682.0,1398-09-19
2019-12-11,38288.0,38288.0,38050.0,38116.0,123532319,3204,14,37356.0,38258.0,1398-09-20
2019-12-14,37192.0,39543.0,37192.0,39020.0,4579489692,116026,30,38116.0,39543.0,1398-09-23
2019-12-15,39543.0,39543.0,37574.0,38856.0,2724086862,69308,24,39020.0,39542.0,1398-09-24
2019-12-16,38063.0,39049.0,37873.0,38107.0,9096980,236,5,38856.0,39049.0,1398-09-25
2019-12-17,38160.0,39049.0,38035.0,38206.0,6995030,181,6,38107.0,38035.0,1398-09-26
2019-12-18,38456.0,39061.0,38358.0,38597.0,77459853,1984,8,38206.0,39061.0,1398-09-27
2019-12-21,39078.0,39543.0,39078.0,39523.0,62167968,1555,14,38597.0,39543.0,1398-09-30
2019-12-22,39494.0,39544.0,39494.0,39530.0,36987150,925,8,39523.0,39544.0,1398-10-01
2019-12-23,39543.0,39544.0,39231.0,39277.0,2276104968,57290,24,39530.0,39231.0,1398-10-02
2019-12-24,39642.0,40542.0,39544.0,39723.0,2223425125,55335,6,39277.0,39544.0,1398-10-03
2019-12-25,40987.0,40987.0,39348.0,40088.0,24005929,592,7,39723.0,39357.0,1398-10-04
2019-12-28,40713.0,40947.0,39643.0,40597.0,375958573,9155,21,40088.0,39643.0,1398-10-07
2019-12-29,40953.0,40987.0,39544.0,40886.0,92228650,2230,4,40597.0,39544.0,1398-10-08
2019-12-30,41243.0,41289.0,39544.0,39638.0,3284080951,81907,29,40886.0,41289.0,1398-10-09
2019-12-31,41858.0,41858.0,39243.0,39929.0,2268774086,56171,34,39638.0,41045.0,1398-10-10
2020-01-01,41066.0,41111.0,40532.0,40834.0,76000350,1840,16,39929.0,40532.0,1398-10-11
2020-01-04,39242.0,39534.0,39242.0,39242.0,1197402625,30165,3,40834.0,39534.0,1398-10-14
2020-01-05,41204.0,42852.0,41204.0,41828.0,1550263461,36640,58,39242.0,42852.0,1398-10-15
2020-01-07,43501.0,43920.0,42665.0,43236.0,331599894,7582,39,41828.0,43498.0,1398-10-17
2020-01-08,42372.0,42953.0,42372.0,42392.0,1535953167,35819,34,43236.0,42953.0,1398-10-18
2020-01-11,42953.0,43239.0,42953.0,43239.0,19842990699,453683,80,42392.0,43239.0,1398-10-21
2020-01-12,44969.0,44969.0,44487.0,44704.0,4220143324,93324,77,43239.0,44929.0,1398-10-22
2020-01-13,45080.0,46662.0,44783.0,46043.0,7564254605,162415,75,44704.0,46046.0,1398-10-23
2020-01-14,48421.0,48421.0,46502.0,46901.0,5903755049,124442,84,46043.0,46505.0,1398-10-24
2020-01-15,48291.0,48291.0,45475.0,46841.0,8240244661,173910,72,46901.0,47737.0,1398-10-25
2020-01-18,48639.0,48639.0,47355.0,48152.0,2207529014,45322,47,46841.0,48371.0,1398-10-28
2020-01-19,48634.0,49331.0,48152.0,48614.0,3276547460,66631,52,48152.0,48528.0,1398-10-29
2020-01-20,49416.0,49418.0,48614.0,48642.0,1755609899,35681,25,48614.0,48668.0,1398-10-30
2020-01-21,49583.0,50101.0,49430.0,49721.0,1779379437,35379,47,48642.0,49874.0,1398-11-01
2020-01-22,49726.0,51407.0,49726.0,51143.0,1173712282,22688,35,49721.0,51407.0,1398-11-02
2020-01-25,52165.0,53187.0,51318.0,52316.0,1825564811,34497,70,51143.0,53186.0,1398-11-05
2020-01-26,53886.0,55455.0,52593.0,54778.0,2932583585,52925,83,52316.0,55455.0,1398-11-06
2020-01-27,56421.0,57516.0,56421.0,57319.0,14982006740,258400,145,54778.0,57516.0,1398-11-07
2020-01-28,59799.0,60758.0,59711.0,60182.0,16247828897,266896,230,57319.0,60184.0,1398-11-08
2020-02-01,62578.0,62590.0,62281.0,62589.0,16814078320,265581,351,60182.0,62578.0,1398-11-12
2020-02-02,63214.0,63214.0,62281.0,62637.0,4326667322,68287,199,62589.0,62666.0,1398-11-13
2020-02-03,62720.0,62726.0,61495.0,62000.0,5363302622,85518,143,62637.0,62627.0,1398-11-14
2020-02-04,62280.0,62280.0,55362.0,60800.0,11520953319,187325,154,62000.0,60798.0,1398-11-15
2020-02-05,59703.0,59703.0,58342.0,58776.0,11547383693,194225,154,60800.0,58353.0,1398-11-16
2020-02-08,57012.0,58327.0,57012.0,57033.0,5881236977,101943,150,58776.0,57030.0,1398-11-19
2020-02-09,57300.0,57318.0,55868.0,57035.0,1138047522,19726,84,57033.0,57141.0,1398-11-20
2020-02-10,57605.0,57605.0,54823.0,55195.0,1861154104,33335,83,57035.0,55166.0,1398-11-21
2020-02-12,56573.0,56638.0,56498.0,56575.0,749235254,13092,53,55195.0,56510.0,1398-11-23
2020-02-15,56300.0,57703.0,55905.0,56263.0,1418298532,24921,61,56575.0,56645.0,1398-11-26
2020-02-16,57338.0,58030.0,56167.0,56868.0,513169164,8921,61,56263.0,57526.0,1398-11-27
2020-02-17,58325.0,58325.0,57092.0,57583.0,978218047,16794,70,56868.0,57826.0,1398-11-28
2020-02-18,58022.0,58025.0,56943.0,57768.0,1118396396,19139,38,57583.0,57467.0,1398-11-29
2020-02-19,57190.0,58268.0,57190.0,57439.0,1145361834,19713,64,57768.0,57536.0,1398-11-30
2020-02-22,56292.0,58227.0,56290.0,56573.0,2893451894,50562,59,57439.0,57340.0,1398-12-03
2020-02-23,57150.0,58836.0,57146.0,58582.0,3823298686,64520,84,56573.0,58836.0,1398-12-04
2020-02-24,58624.0,60204.0,58624.0,59633.0,952825886,15796,55,58582.0,59711.0,1398-12-05
2020-02-25,59633.0,60007.0,59180.0,59545.0,4788911748,79508,161,59633.0,60007.0,1398-12-06
2020-02-26,60304.0,60523.0,58949.0,59224.0,3031522341,50604,104,59545.0,58950.0,1398-12-07
2020-02-29,60497.0,60497.0,56632.0,57522.0,4596442360,78996,85,59224.0,57447.0,1398-12-10
2020-03-01,58960.0,58960.0,57438.0,57736.0,985531253,16875,71,57522.0,57928.0,1398-12-11
2020-03-02,57552.0,57932.0,57552.0,57660.0,1144162678,19617,98,57736.0,57931.0,1398-12-12
2020-03-03,56615.0,59809.0,56615.0,58576.0,1806178799,30483,81,57660.0,59809.0,1398-12-13
2020-03-04,60561.0,62281.0,60560.0,60966.0,1449359790,23502,104,58576.0,62177.0,1398-12-14
2020-03-07,62261.0,62261.0,60356.0,60938.0,2642661112,42872,75,60966.0,61787.0,1398-12-17
2020-03-09,57152.0,60304.0,57152.0,58228.0,5335755482,90590,95,60938.0,57891.0,1398-12-19
2020-03-10,57833.0,59810.0,55901.0,58877.0,4842190228,81305,79,58228.0,58686.0,1398-12-20
2020-03-11,58401.0,60007.0,58401.0,59673.0,363138605,6016,44,58877.0,59810.0,1398-12-21
2020-03-14,60492.0,60492.0,57769.0,58290.0,7364218589,124896,58,59673.0,57931.0,1398-12-24
2020-03-15,56142.0,58129.0,56142.0,56939.0,67272410,1168,28,58290.0,57332.0,1398-12-25
2020-03-16,56427.0,59965.0,56426.0,58808.0,275486275,4631,28,56939.0,59315.0,1398-12-26
2020-03-17,59315.0,59786.0,58029.0,58474.0,121372922,2052,27,58808.0,59730.0,1398-12-27
2020-03-18,59730.0,59730.0,59317.0,59680.0,435200487,7209,28,58474.0,59317.0,1398-12-28
2020-03-24,58890.0,60502.0,58890.0,59314.0,655970443,10933,41,59680.0,59031.0,1399-01-05
2020-03-25,58109.0,60787.0,58109.0,60141.0,956384767,15721,38,59314.0,60490.0,1399-01-06
2020-03-28,59488.0,61283.0,59488.0,60610.0,6708140464,109416,89,60141.0,60986.0,1399-01-09
2020-03-29,61075.0,61075.0,60453.0,60713.0,3998049058,65100,75,60610.0,60749.0,1399-01-10
2020-03-30,60345.0,61193.0,59726.0,60436.0,560098641,9162,63,60713.0,60304.0,1399-01-11
2020-04-04,61275.0,63443.0,61255.0,62463.0,1864489959,29509,72,60436.0,63442.0,1399-01-16
2020-04-05,64693.0,64693.0,62778.0,63161.0,546387004,8552,43,62463.0,62836.0,1399-01-17
2020-04-06,62891.0,63270.0,62830.0,62996.0,502586981,7887,38,63161.0,62973.0,1399-01-18
2020-04-07,62830.0,64258.0,62828.0,63437.0,1951627837,30414,68,62996.0,63671.0,1399-01-19
2020-04-08,66116.0,66116.0,64753.0,65406.0,822117077,12426,39,63437.0,65246.0,1399-01-20
2020-04-11,67125.0,67224.0,65251.0,67013.0,984393910,14522,45,65406.0,67223.0,1399-01-23
2020-04-12,67323.0,71463.0,67323.0,71188.0,5264657362,73110,64,67013.0,71463.0,1399-01-24
2020-04-13,71537.0,72892.0,70839.0,71760.0,2870261742,39542,84,71188.0,71633.0,1399-01-25
2020-04-14,71564.0,71565.0,68703.0,71201.0,2206643762,30638,73,71760.0,71184.0,1399-01-26
2020-04-15,71303.0,74872.0,71303.0,74238.0,7331460733,97629,72,71201.0,74713.0,1399-01-27
2020-04-18,74835.0,78428.0,74015.0,76890.0,3515265066,45197,108,74238.0,78325.0,1399-01-30
2020-04-19,78334.0,81711.0,78123.0,79851.0,7001030519,86675,211,76890.0,78593.0,1399-01-31
2020-04-20,79087.0,83895.0,79087.0,80976.0,8401468215,102569,110,79851.0,83042.0,1399-02-01
2020-04-21,83854.0,88973.0,83042.0,85361.0,23709186046,274584,266,80976.0,86502.0,1399-02-02
2020-04-22,87051.0,89657.0,86590.0,87896.0,11557483008,129991,236,85361.0,89653.0,1399-02-03
2020-04-25,90059.0,95250.0,89675.0,92041.0,38538318306,413934,392,87896.0,94614.0,1399-02-06
2020-04-26,95031.0,98760.0,91939.0,95612.0,44313518380,458185,525,92041.0,95893.0,1399-02-07
2020-04-27,97872.0,110722.0,95893.0,100561.0,73682730926,724352,673,95612.0,106560.0,1399-02-08
2020-04-28,105385.0,117632.0,99852.0,107616.0,114402343734,1050936,1033,100561.0,107954.0,1399-02-09
2020-04-29,103811.0,112699.0,103811.0,107287.0,101175554611,932276,1493,107616.0,108597.0,1399-02-10
2020-05-02,108851.0,114677.0,108743.0,110745.0,780199201677,6964658,4682,107287.0,110722.0,1399-02-13
2020-05-03,112486.0,114188.0,111711.0,113446.0,288965795834,2518100,3254,110745.0,113095.0,1399-02-14
2020-05-04,112699.0,113787.0,107757.0,111255.0,182509912229,1621748,1485,113446.0,111217.0,1399-02-15
2020-05-05,113342.0,114677.0,103802.0,108752.0,172716453201,1570056,1471,111255.0,107272.0,1399-02-16
2020-05-06,108358.0,113194.0,88973.0,109215.0,116800790391,1057256,957,108752.0,111217.0,1399-02-17
2020-05-09,113687.0,118631.0,111416.0,115854.0,197314134622,1683697,1592,109215.0,118631.0,1399-02-20
2020-05-10,121597.0,122477.0,116654.0,120660.0,209461221128,1716164,1704,115854.0,121676.0,1399-02-21
2020-05-11,122482.0,122980.0,116259.0,119524.0,179128528388,1481594,1356,120660.0,116960.0,1399-02-22
2020-05-12,117197.0,119521.0,98858.0,110507.0,179237447074,1603454,1545,119524.0,108745.0,1399-02-23
2020-05-13,107806.0,118433.0,102813.0,113302.0,128979643378,1125379,1257,110507.0,108745.0,1399-02-24
2020-05-16,111340.0,111340.0,100936.0,104964.0,91786249807,864480,822,113302.0,101429.0,1399-02-27
2020-05-17,105230.0,107756.0,88438.0,101372.0,111749434169,1089789,982,104964.0,102319.0,1399-02-28
2020-05-18,108844.0,113194.0,105779.0,110188.0,83180481731,746281,991,101372.0,112600.0,1399-02-29
2020-05-19,113688.0,116643.0,108544.0,110959.0,73957928968,658929,987,110188.0,108745.0,1399-02-30
2020-05-20,109081.0,110228.0,104686.0,106857.0,45488227810,420836,628,110959.0,104950.0,1399-02-31
2020-05-23,104119.0,104119.0,92929.0,96184.0,111294399322,1143900,1098,106857.0,94401.0,1399-03-03
2020-05-26,96228.0,99999.0,90507.0,94761.0,62554493912,660132,744,96184.0,93524.0,1399-03-06
2020-05-27,90016.0,105990.0,90016.0,99685.0,92725859465,930184,929,94761.0,103600.0,1399-03-07
2020-05-30,109100.0,110900.0,108000.0,110024.0,97899621117,889799,1228,99685.0,110799.0,1399-03-10
2020-05-31,112750.0,112750.0,100401.0,108411.0,136108694607,1255493,1032,110024.0,107290.0,1399-03-11
2020-06-01,107001.0,111000.0,102333.0,108557.0,66748047228,614865,944,108411.0,108050.0,1399-03-12
2020-06-02,107310.0,112500.0,106000.0,110178.0,208053988016,1888348,1462,108557.0,111900.0,1399-03-13
2020-06-06,116500.0,120000.0,111900.0,117332.0,132041728690,1125370,1535,110178.0,119296.0,1399-03-17
2020-06-07,122700.0,127840.0,121000.0,125072.0,152993638980,1223244,1848,117332.0,124000.0,1399-03-18
2020-06-08,124108.0,127055.0,115001.0,122495.0,166530387003,1359491,1687,125072.0,118200.0,1399-03-19
2020-06-09,118999.0,125000.0,118174.0,120084.0,89988986075,749383,1057,122495.0,119999.0,1399-03-20
2020-06-10,122770.0,127441.0,119797.0,124603.0,144518745876,1159833,1281,120084.0,126400.0,1399-03-21
2020-06-13,126000.0,134000.0,126000.0,131390.0,161582311200,1229745,1432,124603.0,133000.0,1399-03-24
2020-06-14,133500.0,134600.0,122500.0,128790.0,144920155350,1125263,1533,131390.0,128610.0,1399-03-25
2020-06-15,127200.0,133000.0,124800.0,129840.0,125770637580,968644,1213,128790.0,128030.0,1399-03-26
2020-06-16,130000.0,132500.0,127900.0,131200.0,140911294880,1074059,1277,129840.0,131890.0,1399-03-27
2020-06-20,133000.0,136100.0,133000.0,134990.0,84803374020,628207,1211,131200.0,135480.0,1399-03-31
2020-06-21,135630.0,137460.0,133270.0,135440.0,121443973980,896685,1254,134990.0,135400.0,1399-04-01
2020-06-22,135500.0,143200.0,135400.0,140360.0,70500663900,502302,974,135440.0,142600.0,1399-04-02
2020-06-23,146000.0,151300.0,144890.0,148530.0,173401570730,1167433,1570,140360.0,146000.0,1399-04-03
2020-06-24,142200.0,155500.0,142200.0,151920.0,140101635020,922229,901,148530.0,153800.0,1399-04-04
2020-06-27,155880.0,162100.0,155880.0,159440.0,151922826820,952825,945,151920.0,161880.0,1399-04-07
2020-06-28,166990.0,167000.0,155110.0,161280.0,183908881380,1140280,1437,159440.0,158510.0,1399-04-08
2020-06-29,158300.0,164000.0,153000.0,159550.0,201585685770,1263429,1254,161280.0,163300.0,1399-04-09
2020-06-30,165190.0,175000.0,165190.0,170040.0,190403614330,1119773,1459,159550.0,175000.0,1399-04-10
2020-07-01,179200.0,184650.0,179000.0,182530.0,206544337110,1131579,2182,170040.0,184650.0,1399-04-11
2020-07-04,190200.0,191880.0,170010.0,183210.0,214423406700,1170369,2508,182530.0,183090.0,1399-04-14
2020-07-05,184800.0,198100.0,177500.0,190250.0,200678191910,1054790,1985,183210.0,194500.0,1399-04-15
2020-07-06,201350.0,205500.0,197000.0,200650.0,370660088400,1847314,2865,190250.0,203490.0,1399-04-16
2020-07-07,205700.0,205710.0,197420.0,201590.0,339149186210,1682337,2607,200650.0,200000.0,1399-04-17
2020-07-08,201500.0,201500.0,185000.0,194860.0,233873069620,1200228,2191,201590.0,186000.0,1399-04-18
2020-07-11,185400.0,198500.0,179900.0,189240.0,252748534720,1335627,1792,194860.0,194000.0,1399-04-21
2020-07-12,204000.0,206100.0,200000.0,203540.0,351429286040,1726574,2258,189240.0,202000.0,1399-04-22
2020-07-13,199980.0,206400.0,198000.0,202610.0,219427688210,1083001,1779,203540.0,204000.0,1399-04-23
2020-07-14,206330.0,210390.0,201610.0,206440.0,223883583660,1084500,2057,202610.0,202250.0,1399-04-24
2020-07-15,199290.0,203060.0,192010.0,200140.0,231709035160,1157723,1444,206440.0,197730.0,1399-04-25
2020-07-18,191750.0,195000.0,191000.0,192980.0,187512340120,971672,1570,200140.0,191000.0,1399-04-28
2020-07-19,194000.0,206530.0,194000.0,202780.0,177154526880,873619,1530,192980.0,205590.0,1399-04-29
2020-07-20,213990.0,215990.0,209300.0,212900.0,164412948740,772256,1631,202780.0,212900.0,1399-04-30
2020-07-21,208800.0,212570.0,206010.0,208610.0,139108500980,666835,1299,212900.0,207340.0,1399-04-31
2020-07-22,206000.0,208800.0,204340.0,206090.0,54324588990,263591,874,208610.0,205390.0,1399-05-01
2020-07-25,210300.0,218500.0,210200.0,215110.0,112936706680,525013,1329,206090.0,214500.0,1399-05-04
2020-07-26,220000.0,220000.0,208400.0,213660.0,49612151820,232205,993,215110.0,208540.0,1399-05-05
2020-07-27,208500.0,212000.0,200010.0,207070.0,116489269510,562547,1089,213660.0,207070.0,1399-05-06
2020-07-28,211000.0,213100.0,206000.0,210110.0,122177291140,581491,1119,207070.0,206180.0,1399-05-07
2020-07-29,209950.0,209950.0,198640.0,203460.0,112843314320,554611,1088,210110.0,201330.0,1399-05-08
2020-08-01,207520.0,210500.0,207500.0,208690.0,88376786060,423481,911,203460.0,207500.0,1399-05-11
2020-08-02,211000.0,214640.0,211000.0,213790.0,82931080570,387912,979,208690.0,213500.0,1399-05-12
2020-08-03,215000.0,215000.0,209100.0,212600.0,60751670040,285759,703,213790.0,212600.0,1399-05-13
2020-08-04,212020.0,214790.0,211060.0,211290.0,62064170020,293738,834,212600.0,211280.0,1399-05-14
2020-08-05,210790.0,213500.0,210700.0,211950.0,55309932930,260961,882,211290.0,213100.0,1399-05-15
2020-08-09,215010.0,220000.0,215010.0,218440.0,49006798990,224353,854,211950.0,218840.0,1399-05-19
2020-08-10,221000.0,221000.0,214500.0,218860.0,182813228020,835292,943,218440.0,215200.0,1399-05-20
2020-08-11,218860.0,218860.0,212000.0,216440.0,81684286470,377398,721,218860.0,213140.0,1399-05-21
2020-08-12,219960.0,228000.0,217500.0,221410.0,74176716340,335026,657,216440.0,217540.0,1399-05-22
2020-08-15,217400.0,217800.0,207900.0,210800.0,54068518820,256496,569,221410.0,208990.0,1399-05-25
2020-08-16,204360.0,208000.0,197000.0,201940.0,61840533030,306237,558,210800.0,197990.0,1399-05-26
2020-08-17,203000.0,214400.0,203000.0,211910.0,77674795760,366538,645,201940.0,211990.0,1399-05-27
2020-08-18,219800.0,219800.0,202150.0,206530.0,61805250720,299261,537,211910.0,204000.0,1399-05-28
2020-08-19,196000.0,200000.0,190000.0,196210.0,46037405810,234636,361,206530.0,196250.0,1399-05-29
2020-08-22,202000.0,202100.0,201000.0,201620.0,19040063640,94434,288,196210.0,201500.0,1399-06-01
2020-08-23,201700.0,201700.0,190000.0,191370.0,41986987600,219398,399,201620.0,190000.0,1399-06-02
2020-08-24,190000.0,190000.0,180000.0,182490.0,57714437230,316258,323,191370.0,180890.0,1399-06-03
2020-08-25,181000.0,200730.0,181000.0,193650.0,173583773680,896388,951,182490.0,200730.0,1399-06-04
2020-08-26,210300.0,211500.0,206120.0,208490.0,755732634430,3624762,3482,193650.0,207990.0,1399-06-05
2020-08-31,211300.0,211400.0,190000.0,204750.0,407820557190,1991808,1998,208490.0,205000.0,1399-06-10
2020-09-01,200000.0,202750.0,193000.0,196000.0,151078849240,770830,913,204750.0,194000.0,1399-06-11
2020-09-02,192000.0,192000.0,182000.0,185490.0,140397234270,756893,802,196000.0,185700.0,1399-06-12
2020-09-05,194200.0,204030.0,190000.0,198010.0,149070160820,752845,1125,185490.0,204000.0,1399-06-15
2020-09-06,205000.0,209500.0,194000.0,202080.0,276519631610,1368381,1350,198010.0,199450.0,1399-06-16
2020-09-07,192700.0,195500.0,182510.0,188450.0,121990329630,647339,821,202080.0,185000.0,1399-06-17
2020-09-08,179500.0,189000.0,170120.0,179670.0,128716675520,716424,896,188450.0,172060.0,1399-06-18
2020-09-09,170000.0,195600.0,168200.0,187550.0,219354811770,1169570,1517,179670.0,195000.0,1399-06-19
2020-09-12,205000.0,205000.0,198000.0,200700.0,279900755520,1394649,1744,187550.0,201980.0,1399-06-22
2020-09-13,196200.0,206030.0,191000.0,198390.0,106901063110,538834,1283,200700.0,200610.0,1399-06-23
2020-09-14,199000.0,210000.0,199000.0,207430.0,117061590490,564339,1604,198390.0,209740.0,1399-06-24
2020-09-15,213900.0,225000.0,210000.0,216720.0,427619682570,1973151,2591,207430.0,215000.0,1399-06-25
2020-09-16,222000.0,223740.0,212000.0,217290.0,222725158370,1025021,2137,216720.0,212230.0,1399-06-26
2020-09-19,206510.0,221000.0,206500.0,215940.0,266433526960,1233830,1368,217290.0,212480.0,1399-06-29
2020-09-20,213020.0,213900.0,205000.0,210010.0,122907059560,585232,1049,215940.0,206020.0,1399-06-30
2020-09-21,202010.0,202800.0,196400.0,199110.0,54221003780,272314,549,210010.0,200000.0,1399-06-31
2020-09-22,207150.0,216500.0,199110.0,205700.0,212991862480,1035430,851,199110.0,207000.0,1399-07-01
2020-09-23,212000.0,213430.0,202500.0,208230.0,163671758860,786022,1024,205700.0,208870.0,1399-07-02
2020-09-26,211000.0,213800.0,204000.0,208350.0,70394420170,337869,685,208230.0,205300.0,1399-07-05
2020-09-27,206500.0,206500.0,191010.0,197220.0,69182539380,350789,523,208350.0,193660.0,1399-07-06
2020-09-28,195500.0,195500.0,180190.0,182900.0,79702542920,435771,694,197220.0,181280.0,1399-07-07
2020-09-29,180500.0,194000.0,175010.0,188040.0,110502611790,587647,851,182900.0,192790.0,1399-07-08
2020-09-30,194300.0,194300.0,185000.0,190970.0,108370121820,567477,1041,188040.0,193800.0,1399-07-09
2020-10-03,195000.0,202800.0,195000.0,199340.0,98029367350,491778,1132,190970.0,201900.0,1399-07-12
2020-10-04,200000.0,201000.0,190000.0,195980.0,120332441790,614013,844,199340.0,190120.0,1399-07-13
2020-10-05,190000.0,195970.0,190000.0,192380.0,30444425820,158253,395,195980.0,194000.0,1399-07-14
2020-10-06,196790.0,199470.0,193000.0,195930.0,39411310860,201152,649,192380.0,198100.0,1399-07-15
2020-10-07,201900.0,201900.0,192500.0,196860.0,37549955620,190745,562,195930.0,196500.0,1399-07-16
2020-10-10,194130.0,197880.0,194000.0,194620.0,47765821770,245435,508,196860.0,194180.0,1399-07-19
2020-10-11,194600.0,202000.0,194600.0,199320.0,83477299010,418815,882,194620.0,196000.0,1399-07-20
2020-10-12,195990.0,197980.0,190000.0,193570.0,37965727260,196132,634,199320.0,195430.0,1399-07-21
2020-10-13,193600.0,196300.0,190070.0,193420.0,28236577690,145989,444,193570.0,194900.0,1399-07-22
2020-10-14,194800.0,194800.0,190000.0,191570.0,32229347450,168237,414,193420.0,191110.0,1399-07-23
2020-10-18,190000.0,190000.0,182000.0,185860.0,50250153700,270372,438,191570.0,184990.0,1399-07-27
2020-10-19,180000.0,184300.0,171000.0,176210.0,51377163030,291569,530,185860.0,171010.0,1399-07-28
2020-10-20,176680.0,176680.0,161100.0,170550.0,69122257760,405301,798,176210.0,174990.0,1399-07-29
2020-10-21,176270.0,181500.0,170000.0,174410.0,75111778810,430667,861,170550.0,170580.0,1399-07-30
2020-10-24,172300.0,172300.0,157500.0,163240.0,64366911540,394314,666,174410.0,158110.0,1399-08-03
2020-10-26,160000.0,160170.0,152940.0,156740.0,71434761150,455753,627,163240.0,157500.0,1399-08-05
2020-10-27,159900.0,159900.0,147000.0,151570.0,146827210510,968728,801,156740.0,148180.0,1399-08-06
2020-10-28,147000.0,158900.0,145020.0,150950.0,51108404660,338588,648,151570.0,155000.0,1399-08-07
2020-10-31,154990.0,160500.0,154990.0,158780.0,63747702130,401478,621,150950.0,160410.0,1399-08-10
2020-11-01,157060.0,157060.0,150000.0,153000.0,37127645920,242663,373,158780.0,150000.0,1399-08-11
2020-11-02,149000.0,153800.0,145600.0,149440.0,14009418730,93747,256,153000.0,150530.0,1399-08-12
2020-11-04,156000.0,164000.0,150030.0,157870.0,71921276870,455566,766,149440.0,159950.0,1399-08-14
2020-11-07,145400.0,149890.0,142090.0,144900.0,79350674480,547642,783,157870.0,142160.0,1399-08-17
2020-11-08,135500.0,135500.0,130410.0,131690.0,41821357260,317571,535,144900.0,130600.0,1399-08-18
2020-11-09,133320.0,139900.0,133290.0,136100.0,40631255890,298543,528,131690.0,138000.0,1399-08-19
2020-11-10,141900.0,143900.0,138200.0,140110.0,39886257400,284678,545,136100.0,139890.0,1399-08-20
2020-11-11,142130.0,148990.0,139220.0,144800.0,52663437420,363689,735,140110.0,148980.0,1399-08-21
2020-11-14,152120.0,159280.0,152120.0,156580.0,160173844440,1022960,1247,144800.0,159280.0,1399-08-24
2020-11-15,166000.0,166000.0,149860.0,156240.0,152740860050,977625,1596,156580.0,151710.0,1399-08-25
2020-11-16,151000.0,160990.0,150000.0,158070.0,60874990770,385123,909,156240.0,158070.0,1399-08-26
2020-11-17,158100.0,164850.0,158100.0,162600.0,90680903950,557701,1059,158070.0,164100.0,1399-08-27
2020-11-18,167500.0,175500.0,167500.0,171710.0,204714888760,1192220,1745,162600.0,175500.0,1399-08-28
2020-11-21,179000.0,179000.0,165000.0,173360.0,210914131380,1216637,2208,171710.0,165060.0,1399-09-01
2020-11-22,165900.0,175980.0,160000.0,168730.0,197767632180,1172079,2116,173360.0,170600.0,1399-09-02
2020-11-23,173000.0,176890.0,172000.0,175020.0,123159137000,703666,1306,168730.0,176590.0,1399-09-03
2020-11-24,177000.0,177000.0,165760.0,171170.0,131707096230,769458,1704,175020.0,169000.0,1399-09-04
2020-11-25,166900.0,173000.0,164000.0,171080.0,110242108530,644400,1198,171170.0,172430.0,1399-09-05
2020-11-28,165720.0,173500.0,165720.0,171660.0,82823655400,482497,979,171080.0,172600.0,1399-09-08
2020-11-29,173020.0,180960.0,173020.0,177250.0,119343705690,673290,1357,171660.0,180380.0,1399-09-09
2020-11-30,183880.0,188000.0,181910.0,184680.0,115525907200,625550,1215,177250.0,185880.0,1399-09-10
2020-12-01,184000.0,187970.0,170030.0,183850.0,125690992110,683669,1440,184680.0,182820.0,1399-09-11
2020-12-02,182990.0,189000.0,175000.0,181120.0,75035793790,414295,1243,183850.0,178000.0,1399-09-12
2020-12-05,178300.0,185200.0,178000.0,183070.0,71187104210,388844,881,181120.0,184770.0,1399-09-15
2020-12-06,186100.0,190970.0,186030.0,188590.0,89655612130,475394,1256,183070.0,188800.0,1399-09-16
2020-12-07,188700.0,192330.0,182510.0,188300.0,56748168690,301368,943,188590.0,183880.0,1399-09-17
2020-12-08,184210.0,189400.0,183880.0,186900.0,54657004420,292447,845,188300.0,187500.0,1399-09-18
2020-12-09,188110.0,189600.0,185510.0,187450.0,36032912970,192229,678,186900.0,188330.0,1399-09-19
2020-12-12,190000.0,191000.0,188360.0,189690.0,72678956570,383144,785,187450.0,188360.0,1399-09-22
2020-12-13,188000.0,190000.0,185000.0,187380.0,42042435460,224368,650,189690.0,186990.0,1399-09-23
2020-12-14,187000.0,188000.0,177620.0,181920.0,40042823230,220108,619,187380.0,177640.0,1399-09-24
2020-12-15,172520.0,172520.0,164120.0,167240.0,75310387940,450309,777,181920.0,166020.0,1399-09-25
2020-12-16,162500.0,177480.0,162500.0,173130.0,54239403410,313285,667,167240.0,175590.0,1399-09-26
2020-12-19,180000.0,181500.0,176580.0,179760.0,50131287120,278886,575,173130.0,180990.0,1399-09-29
2020-12-20,180000.0,183600.0,176000.0,178630.0,36674442770,205309,562,179760.0,177000.0,1399-09-30
2020-12-21,179980.0,181000.0,174090.0,178330.0,52217195210,292820,572,178630.0,176600.0,1399-10-01
2020-12-22,175600.0,180000.0,174500.0,177100.0,56332540580,318092,739,178330.0,176690.0,1399-10-02
2020-12-23,177440.0,180700.0,176600.0,178220.0,60663717540,340392,483,177100.0,177260.0,1399-10-03
2020-12-26,179000.0,179000.0,170350.0,173310.0,24832902310,143287,441,178220.0,171000.0,1399-10-06
2020-12-27,166700.0,176890.0,166700.0,170500.0,33489756330,196422,606,173310.0,171480.0,1399-10-07
2020-12-28,171980.0,175000.0,169960.0,172560.0,46058719490,266916,543,170500.0,172230.0,1399-10-08
2020-12-29,173990.0,173990.0,169000.0,170500.0,22586604360,132471,322,172560.0,169490.0,1399-10-09
2020-12-30,169050.0,172000.0,166710.0,167690.0,33241469050,198231,417,170500.0,166720.0,1399-10-10
2021-01-02,164350.0,164350.0,156020.0,160680.0,32230036790,200590,417,167690.0,157680.0,1399-10-13
2021-01-03,156070.0,167000.0,156070.0,163500.0,31318852640,191548,469,160680.0,164490.0,1399-10-14
2021-01-04,164700.0,167500.0,162510.0,166020.0,39429623270,237503,388,163500.0,166000.0,1399-10-15
2021-01-05,164010.0,170000.0,164000.0,167280.0,41192995850,246253,387,166020.0,166040.0,1399-10-16
2021-01-06,166020.0,166020.0,157010.0,160520.0,33735398160,210162,341,167280.0,158990.0,1399-10-17
2021-01-09,159560.0,163890.0,151200.0,154570.0,25917463380,167676,306,160520.0,155700.0,1399-10-20
2021-01-10,156020.0,165000.0,156020.0,161460.0,28507671790,176562,362,154570.0,163900.0,1399-10-21
2021-01-11,165260.0,165260.0,154630.0,157700.0,8937486840,56675,294,161460.0,154990.0,1399-10-22
2021-01-12,152500.0,153000.0,145010.0,148440.0,29519298830,198862,266,157700.0,148000.0,1399-10-23
2021-01-13,147100.0,153000.0,143000.0,148980.0,34415689680,231016,356,148440.0,150500.0,1399-10-24
2021-01-16,143500.0,156800.0,134090.0,137920.0,40217051950,291590,519,148980.0,134100.0,1399-10-27
2021-01-18,127700.0,127790.0,124130.0,125790.0,14496528900,115244,353,137920.0,124200.0,1399-10-29
2021-01-19,117600.0,138360.0,117600.0,135880.0,105000063660,772716,893,125790.0,138360.0,1399-10-30
2021-01-20,142450.0,149000.0,139100.0,146070.0,146953234170,1006069,1475,135880.0,148000.0,1399-11-01
2021-01-23,153390.0,160670.0,150200.0,157390.0,258665256310,1643479,2245,146070.0,160670.0,1399-11-04
2021-01-24,168710.0,168710.0,141660.0,152820.0,305113709310,1996534,2759,157390.0,144220.0,1399-11-05
2021-01-25,143990.0,156950.0,140060.0,149650.0,166998718550,1115939,1708,152820.0,147990.0,1399-11-06
2021-01-26,148850.0,151480.0,136540.0,143940.0,100664545510,699368,1207,149650.0,138800.0,1399-11-07
2021-01-27,136000.0,146000.0,135100.0,141820.0,78604714270,554275,1059,143940.0,142500.0,1399-11-08
2021-01-30,145000.0,155460.0,145000.0,151450.0,125947344270,831611,1328,141820.0,155300.0,1399-11-11
2021-01-31,156000.0,159470.0,146030.0,152630.0,131541611320,861807,1223,151450.0,146500.0,1399-11-12
2021-02-01,145210.0,153550.0,142000.0,147960.0,42017383950,283982,782,152630.0,144520.0,1399-11-13
2021-02-02,141300.0,148000.0,140000.0,141940.0,37078730320,261229,584,147960.0,141000.0,1399-11-14
2021-02-03,145000.0,145400.0,138000.0,139870.0,45549851380,325653,576,141940.0,138500.0,1399-11-15
2021-02-06,141900.0,141900.0,129150.0,132780.0,32799391360,247026,418,139870.0,130010.0,1399-11-18
2021-02-07,135000.0,146050.0,135000.0,145020.0,409656859980,2824902,2179,132780.0,146050.0,1399-11-19
2021-02-08,146060.0,146140.0,132110.0,141130.0,262836979980,1862416,2055,145020.0,140000.0,1399-11-20
2021-02-09,138970.0,146390.0,137190.0,143110.0,138199783250,965708,1301,141130.0,143980.0,1399-11-21
2021-02-13,148790.0,153500.0,147710.0,150420.0,193373877070,1285555,1725,143110.0,153330.0,1399-11-25
2021-02-14,153990.0,154000.0,145100.0,148520.0,146009891710,983101,1275,150420.0,145320.0,1399-11-26
2021-02-15,145990.0,150000.0,143100.0,147120.0,96324489140,654749,701,148520.0,146090.0,1399-11-27
2021-02-16,146300.0,146310.0,141240.0,142880.0,26545300470,185784,461,147120.0,141620.0,1399-11-28
2021-02-17,142000.0,144390.0,138650.0,140280.0,17816313470,127001,460,142880.0,140340.0,1399-11-29
2021-02-20,140350.0,142000.0,134670.0,136170.0,24109904820,177052,486,140280.0,136600.0,1399-12-02
2021-02-21,134850.0,134850.0,130730.0,131440.0,35371819240,269108,488,136170.0,131420.0,1399-12-03
2021-02-22,127600.0,130500.0,126510.0,128280.0,19206572830,149727,398,131440.0,128190.0,1399-12-04
2021-02-23,128000.0,137480.0,126510.0,133540.0,103423366580,774448,1009,128280.0,136550.0,1399-12-05
2021-02-24,138990.0,138990.0,131400.0,134860.0,42906815400,318158,639,133540.0,132000.0,1399-12-06
2021-02-27,131000.0,134000.0,129470.0,131090.0,36478609460,278282,471,134860.0,130000.0,1399-12-09
2021-02-28,128480.0,129300.0,125850.0,126160.0,29201170760,231468,426,131090.0,126000.0,1399-12-10
2021-03-01,129500.0,132460.0,128200.0,130420.0,41085795610,315020,607,126160.0,132300.0,1399-12-11
2021-03-02,133900.0,136790.0,131000.0,132990.0,56128128840,422035,658,130420.0,131930.0,1399-12-12
2021-03-03,132080.0,132080.0,129420.0,131140.0,19967474850,152266,239,132990.0,130180.0,1399-12-13
2021-03-06,131140.0,133000.0,127800.0,130820.0,43012947450,328785,428,131140.0,129000.0,1399-12-16
2021-03-07,128890.0,134000.0,128890.0,131990.0,61211637520,463769,721,130820.0,132580.0,1399-12-17
2021-03-08,133850.0,136890.0,132070.0,135170.0,38122699090,282043,573,131990.0,136000.0,1399-12-18
2021-03-09,138400.0,138400.0,132160.0,135310.0,36192748770,267477,565,135170.0,132520.0,1399-12-19
2021-03-10,135500.0,135500.0,131500.0,134310.0,22326858910,166230,330,135310.0,132820.0,1399-12-20
2021-03-13,131520.0,138500.0,131520.0,136750.0,48076709310,351555,643,134310.0,137220.0,1399-12-23
2021-03-14,138890.0,140820.0,136750.0,138450.0,41867782610,302409,445,136750.0,137500.0,1399-12-24
2021-03-15,140000.0,140000.0,135160.0,138450.0,19332119680,139632,321,138450.0,138360.0,1399-12-25
2021-03-16,138450.0,143980.0,138450.0,142570.0,82104526910,575891,756,138450.0,143800.0,1399-12-26
2021-03-17,143600.0,146000.0,141130.0,143010.0,40947584280,286320,678,142570.0,142360.0,1399-12-27
2021-03-27,143500.0,147000.0,141620.0,145170.0,16156382440,111296,322,143010.0,145100.0,1400-01-07
2021-03-28,144800.0,146980.0,143700.0,144500.0,17739948900,122769,296,145170.0,143900.0,1400-01-08
2021-03-30,143000.0,145120.0,143000.0,144180.0,11843183230,82139,178,144500.0,144000.0,1400-01-10
2021-03-31,144190.0,146000.0,142760.0,144530.0,24005669630,166100,235,144180.0,143800.0,1400-01-11
2021-04-03,142410.0,142500.0,138750.0,140400.0,16322277860,116253,222,144530.0,138890.0,1400-01-14
2021-04-04,136180.0,136560.0,134790.0,135250.0,24614367650,181985,230,140400.0,134880.0,1400-01-15
2021-04-05,132260.0,136900.0,132260.0,135890.0,33582903220,247126,380,135250.0,136000.0,1400-01-16
2021-04-06,136500.0,138000.0,134000.0,135420.0,28234625400,208492,321,135890.0,134000.0,1400-01-17
2021-04-07,134070.0,134500.0,132480.0,133700.0,20367733680,152335,185,135420.0,132890.0,1400-01-18
2021-04-10,132760.0,132760.0,128360.0,128630.0,17840054320,138688,241,133700.0,128610.0,1400-01-21
2021-04-11,127400.0,130700.0,127350.0,128410.0,4300423660,33491,164,128630.0,128600.0,1400-01-22
2021-04-12,131000.0,132000.0,129010.0,130100.0,12222521640,93945,218,128410.0,131990.0,1400-01-23
2021-04-13,133010.0,138000.0,133010.0,136250.0,26852180670,197077,471,130100.0,136600.0,1400-01-24
2021-04-14,136700.0,136700.0,133520.0,133990.0,10812459990,80697,195,136250.0,133520.0,1400-01-25
2021-04-17,133000.0,133000.0,128800.0,130420.0,10338632230,79272,149,133990.0,129000.0,1400-01-28
2021-04-18,129000.0,129000.0,126000.0,127460.0,17282847270,135595,216,130420.0,126500.0,1400-01-29
2021-04-19,125510.0,131250.0,125500.0,128350.0,15901652000,123892,296,127460.0,130020.0,1400-01-30
2021-04-20,132030.0,133400.0,128350.0,130490.0,15835061550,121354,258,128350.0,128510.0,1400-01-31
2021-04-21,128370.0,130000.0,126320.0,127940.0,14398694750,112542,163,130490.0,127100.0,1400-02-01
2021-04-24,127940.0,128500.0,126100.0,127460.0,14259430030,111871,131,127940.0,127650.0,1400-02-04
2021-04-25,126200.0,127800.0,125150.0,126040.0,6000713570,47609,124,127460.0,126060.0,1400-02-05
2021-04-26,126110.0,129380.0,126110.0,128120.0,5438288440,42447,196,126040.0,129160.0,1400-02-06
2021-04-27,130900.0,133980.0,129590.0,131690.0,19574189030,148640,416,128120.0,129820.0,1400-02-07
2021-04-28,132500.0,133970.0,130550.0,132310.0,17935541300,135559,225,131690.0,132510.0,1400-02-08
2021-05-01,133980.0,133980.0,129500.0,130470.0,11528338420,88362,165,132310.0,129800.0,1400-02-11
2021-05-02,127870.0,128990.0,127860.0,127880.0,5456806900,42672,73,130470.0,127900.0,1400-02-12
2021-05-03,130700.0,130700.0,126500.0,127510.0,4117627790,32293,145,127880.0,127590.0,1400-02-13
2021-05-05,126050.0,128880.0,126050.0,127730.0,5950124850,46582,169,127510.0,127600.0,1400-02-15
2021-05-08,126760.0,127100.0,125700.0,126550.0,4324980650,34175,140,127730.0,125860.0,1400-02-18
2021-05-09,125510.0,125510.0,124150.0,125020.0,14383269990,115047,147,126550.0,125000.0,1400-02-19
2021-05-10,124050.0,128900.0,124050.0,126170.0,24780801440,196404,216,125020.0,128010.0,1400-02-20
2021-05-11,128900.0,131500.0,128000.0,129850.0,22928124710,176580,284,126170.0,130430.0,1400-02-21
2021-05-12,130030.0,131890.0,127600.0,128640.0,25033479850,194600,244,129850.0,128000.0,1400-02-22
2021-05-15,129000.0,132200.0,129000.0,130950.0,19856060680,151629,295,128640.0,130900.0,1400-02-25
2021-05-16,130900.0,131990.0,129210.0,129810.0,4013860530,30922,111,130950.0,130060.0,1400-02-26
2021-05-17,131900.0,131900.0,128510.0,128610.0,7599257000,59089,86,129810.0,128510.0,1400-02-27
2021-05-18,128200.0,129700.0,127500.0,128760.0,1647046730,12792,57,128610.0,128120.0,1400-02-28
2021-05-19,128100.0,128770.0,127470.0,127570.0,3982249990,31215,116,128760.0,127750.0,1400-02-29
2021-05-22,126300.0,126900.0,124190.0,125760.0,9967773390,79260,137,127570.0,124320.0,1400-03-01
2021-05-23,123510.0,123600.0,120110.0,122000.0,18327356740,150223,190,125760.0,121500.0,1400-03-02
2021-05-24,120300.0,122500.0,119560.0,120430.0,2620699330,21762,100,122000.0,120220.0,1400-03-03
2021-05-25,123290.0,123290.0,120000.0,121880.0,6794963010,55752,159,120430.0,120550.0,1400-03-04
2021-05-26,120060.0,122220.0,120000.0,121320.0,6836326620,56349,158,121880.0,120770.0,1400-03-05
2021-05-29,122990.0,129000.0,122990.0,126280.0,31509816190,249529,451,121320.0,129000.0,1400-03-08
2021-05-30,129900.0,133880.0,126280.0,131090.0,26966009600,205704,396,126280.0,127800.0,1400-03-09
2021-05-31,128000.0,129780.0,127150.0,127810.0,12716049800,99490,184,131090.0,127150.0,1400-03-10
2021-06-01,127150.0,128980.0,126710.0,128070.0,7515031730,58681,105,127810.0,126730.0,1400-03-11
2021-06-02,128070.0,130900.0,128070.0,130210.0,10319792940,79257,184,128070.0,130600.0,1400-03-12
2021-06-07,131000.0,132000.0,128900.0,130530.0,8511128440,65205,172,130210.0,130550.0,1400-03-17
2021-06-08,131500.0,133160.0,131000.0,132300.0,11973294740,90503,157,130530.0,131000.0,1400-03-18
2021-06-09,129700.0,131000.0,129650.0,130070.0,4704159720,36165,99,132300.0,131000.0,1400-03-19
2021-06-12,129500.0,132000.0,129120.0,131040.0,6538197290,49895,87,130070.0,130020.0,1400-03-22
2021-06-13,130020.0,131820.0,130000.0,130640.0,1892729080,14488,48,131040.0,130550.0,1400-03-23
2021-06-14,130200.0,132000.0,129060.0,130240.0,12570831960,96520,144,130640.0,130690.0,1400-03-24
2021-06-15,130500.0,131900.0,130000.0,130110.0,8197575970,63005,100,130240.0,130000.0,1400-03-25
2021-06-16,130970.0,130970.0,128930.0,129750.0,2133680890,16444,44,130110.0,129990.0,1400-03-26
2021-06-19,133200.0,133500.0,130050.0,132400.0,11891759320,89815,119,129750.0,131500.0,1400-03-29
2021-06-20,134310.0,134310.0,131000.0,132340.0,11080989210,83734,116,132400.0,131200.0,1400-03-30
2021-06-21,132000.0,133280.0,132000.0,132690.0,4208481450,31717,70,132340.0,132710.0,1400-03-31
2021-06-22,133890.0,136000.0,133890.0,135130.0,9653710700,71441,140,132690.0,135990.0,1400-04-01
2021-06-23,136050.0,140940.0,136050.0,138170.0,23650606560,171165,197,135130.0,140000.0,1400-04-02
2021-06-26,141780.0,144100.0,140200.0,143080.0,21186735640,148081,272,138170.0,141900.0,1400-04-05
2021-06-27,140000.0,144440.0,140000.0,142480.0,19204785850,134786,205,143080.0,144440.0,1400-04-06
2021-06-28,144500.0,144500.0,142480.0,143030.0,24664332980,172443,190,142480.0,142500.0,1400-04-07
2021-06-29,143080.0,147300.0,143080.0,145610.0,17617148650,120989,233,143030.0,146500.0,1400-04-08
2021-06-30,147000.0,151430.0,145650.0,149080.0,20686516670,138759,267,145610.0,151430.0,1400-04-09
2021-07-03,151430.0,151430.0,144600.0,146380.0,12080345420,82527,275,149080.0,145300.0,1400-04-12
2021-07-04,144040.0,147840.0,143450.0,145620.0,12236978080,84035,167,146380.0,146080.0,1400-04-13
2021-07-05,143230.0,149600.0,143230.0,148030.0,7307246050,49363,152,145620.0,149000.0,1400-04-14
2021-07-06,150000.0,155050.0,150000.0,153770.0,24106940880,156768,279,148030.0,154230.0,1400-04-15
2021-07-07,155180.0,156000.0,152060.0,154220.0,17222507110,111675,310,153770.0,153000.0,1400-04-16
2021-07-10,154240.0,154240.0,150360.0,151370.0,9914253390,65496,150,154220.0,152900.0,1400-04-19
2021-07-11,152900.0,154400.0,150000.0,152540.0,24299221360,159293,274,151370.0,152900.0,1400-04-20
2021-07-12,154000.0,154000.0,151500.0,152790.0,14339342550,93851,260,152540.0,152100.0,1400-04-21
2021-07-13,151200.0,154000.0,150500.0,152350.0,26012994300,170745,242,152790.0,153250.0,1400-04-22
2021-07-14,150820.0,154000.0,150820.0,152010.0,6565346180,43189,146,152350.0,153430.0,1400-04-23
2021-07-17,152040.0,157010.0,152040.0,155620.0,23128362290,148619,239,152010.0,154900.0,1400-04-26
2021-07-18,152830.0,155700.0,152000.0,152460.0,7874198980,51647,164,155620.0,152990.0,1400-04-27
2021-07-19,151500.0,153660.0,150000.0,151610.0,8689354390,57314,195,152460.0,151990.0,1400-04-28
2021-07-26,154000.0,154000.0,151000.0,152810.0,6302803330,41246,177,151610.0,153540.0,1400-05-04
2021-07-27,153580.0,154240.0,151130.0,152440.0,10154408490,66612,181,152810.0,152990.0,1400-05-05
2021-07-28,152280.0,154010.0,152280.0,153160.0,8274484940,54026,152,152440.0,152510.0,1400-05-06
2021-07-31,152020.0,158180.0,152020.0,156340.0,16676510080,106671,300,153160.0,158000.0,1400-05-09
2021-08-01,160390.0,161650.0,157910.0,160420.0,14715006950,91726,259,156340.0,161000.0,1400-05-10
2021-08-02,162300.0,162500.0,158750.0,160320.0,15808396390,98606,223,160420.0,160970.0,1400-05-11
2021-08-03,160990.0,162770.0,158900.0,161290.0,10062240270,62386,179,160320.0,161630.0,1400-05-12
2021-08-04,164990.0,166920.0,162810.0,165250.0,38233117000,231368,424,161290.0,166600.0,1400-05-13
2021-08-07,166920.0,169300.0,163810.0,166580.0,12279591760,73715,306,165250.0,166630.0,1400-05-16
2021-08-08,167890.0,168300.0,164670.0,166950.0,10171896300,60928,254,166580.0,167860.0,1400-05-17
2021-08-09,165270.0,171990.0,165270.0,170520.0,15922118610,93374,304,166950.0,171960.0,1400-05-18
2021-08-10,173520.0,173520.0,171250.0,172340.0,41988743550,243634,455,170520.0,172690.0,1400-05-19
2021-08-11,173400.0,175750.0,172640.0,173700.0,51535226140,296694,709,172340.0,173980.0,1400-05-20
2021-08-14,174560.0,176100.0,172010.0,174560.0,54377523470,311504,570,173700.0,175800.0,1400-05-23
2021-08-15,174110.0,178480.0,173520.0,176720.0,77998131440,441376,397,174560.0,178000.0,1400-05-24
2021-08-22,178490.0,180400.0,176200.0,179210.0,133712723840,746126,590,176720.0,179480.0,1400-05-31
2021-08-23,180010.0,182000.0,178430.0,180600.0,226730438830,1255397,501,179210.0,181600.0,1400-06-01
2021-08-24,181630.0,186990.0,181630.0,185280.0,65914175910,355758,486,180600.0,186400.0,1400-06-02
2021-08-25,188500.0,188500.0,182000.0,184670.0,56733190470,307208,668,185280.0,185100.0,1400-06-03
2021-08-28,185290.0,189390.0,185290.0,188120.0,261960692110,1392512,783,184670.0,188910.0,1400-06-06
2021-08-29,190100.0,190100.0,181060.0,186790.0,63600150050,340486,728,188120.0,183000.0,1400-06-07
2021-08-30,181180.0,182180.0,171410.0,177790.0,110838272500,623413,947,186790.0,174000.0,1400-06-08
2021-08-31,170000.0,182000.0,169000.0,176230.0,129601582560,735393,932,177790.0,175500.0,1400-06-09
2021-09-01,181290.0,182200.0,176500.0,179130.0,61949515550,345845,496,176230.0,181500.0,1400-06-10
2021-09-04,182400.0,185480.0,180570.0,182640.0,45952454870,251604,522,179130.0,182000.0,1400-06-13
2021-09-05,181000.0,184450.0,180810.0,182780.0,20293316470,111026,300,182640.0,184310.0,1400-06-14
2021-09-06,184330.0,185330.0,182780.0,183840.0,30866814470,167896,331,182780.0,182780.0,1400-06-15
2021-09-07,181100.0,181390.0,178000.0,179920.0,26471462930,147129,298,183840.0,179000.0,1400-06-16
2021-09-08,178500.0,182000.0,178500.0,180060.0,111095864860,616985,344,179920.0,180000.0,1400-06-17
2021-09-11,182510.0,185890.0,182000.0,183490.0,34867175730,190025,271,180060.0,182520.0,1400-06-20
2021-09-12,182110.0,183000.0,175000.0,179170.0,22665352760,126505,344,183490.0,178510.0,1400-06-21
2021-09-13,178500.0,181560.0,176500.0,177340.0,14079373860,79391,240,179170.0,177210.0,1400-06-22
2021-09-14,180900.0,181990.0,178180.0,180460.0,14290901980,79190,290,177340.0,181990.0,1400-06-23
2021-09-15,181990.0,181990.0,178000.0,178550.0,5338366660,29898,185,180460.0,178500.0,1400-06-24
2021-09-18,178550.0,180770.0,170050.0,172510.0,10684749480,61937,230,178550.0,171300.0,1400-06-27
2021-09-19,171630.0,175000.0,168500.0,170090.0,20057303140,117923,224,172510.0,170900.0,1400-06-28
2021-09-20,172000.0,173420.0,169320.0,171330.0,10932427310,63808,159,170090.0,171150.0,1400-06-29
2021-09-21,171030.0,172000.0,167000.0,169310.0,8830518050,52157,186,171330.0,167510.0,1400-06-30
2021-09-22,167300.0,172500.0,167300.0,170220.0,15545904690,91328,264,169310.0,172500.0,1400-06-31
2021-09-25,170610.0,175000.0,170610.0,173420.0,37542109370,216479,372,170220.0,173930.0,1400-07-03
2021-09-26,175940.0,175940.0,171660.0,173180.0,12659073750,73097,213,173420.0,173290.0,1400-07-04
2021-09-28,173190.0,175850.0,173020.0,174290.0,6437053290,36933,151,173180.0,174000.0,1400-07-06
2021-09-29,173010.0,175960.0,173000.0,175120.0,3666805150,20939,126,174290.0,175880.0,1400-07-07
2021-10-02,180800.0,183000.0,177550.0,181600.0,40091522750,220763,369,175120.0,182890.0,1400-07-10
2021-10-03,185800.0,185800.0,180000.0,182420.0,20156158660,110495,325,181600.0,182050.0,1400-07-11
2021-10-04,182010.0,184000.0,181650.0,183100.0,9352815830,51080,152,182420.0,183540.0,1400-07-12
2021-10-06,183110.0,184970.0,181010.0,182710.0,6880936300,37661,160,183100.0,182740.0,1400-07-14
2021-10-09,182710.0,182720.0,177040.0,180280.0,28098871520,155862,220,182710.0,177040.0,1400-07-17
2021-10-10,176810.0,179190.0,176500.0,177400.0,8435893390,47552,117,180280.0,178950.0,1400-07-18
2021-10-11,182720.0,182720.0,178500.0,178870.0,7326745650,40961,123,177400.0,178500.0,1400-07-19
2021-10-12,178100.0,178100.0,170000.0,173380.0,21302350350,122868,197,178870.0,173070.0,1400-07-20
2021-10-13,174460.0,174540.0,171360.0,172950.0,5102784790,29505,104,173380.0,173820.0,1400-07-21
2021-10-16,173030.0,179790.0,173030.0,177250.0,21611582120,121926,191,172950.0,179430.0,1400-07-24
2021-10-17,179390.0,179390.0,175500.0,176310.0,6658546480,37767,133,177250.0,175530.0,1400-07-25
2021-10-18,175530.0,178460.0,174030.0,175720.0,36152566880,205737,196,176310.0,178460.0,1400-07-26
2021-10-19,178460.0,179500.0,177000.0,178670.0,3948165630,22098,97,175720.0,179060.0,1400-07-27
2021-10-20,177110.0,179500.0,176770.0,177330.0,3025436880,17061,106,178670.0,176770.0,1400-07-28
2021-10-23,176820.0,178170.0,171700.0,174180.0,6888044570,39546,132,177330.0,172110.0,1400-08-01
2021-10-25,173000.0,174770.0,168000.0,170340.0,8940173240,52484,232,174180.0,169190.0,1400-08-03
2021-10-26,168640.0,170870.0,167840.0,169390.0,11094167200,65494,165,170340.0,169690.0,1400-08-04
2021-10-27,170690.0,171000.0,168910.0,170020.0,9045654890,53205,126,169390.0,170940.0,1400-08-05
2021-10-30,170990.0,170990.0,167000.0,169400.0,7345407840,43362,167,170020.0,168000.0,1400-08-08
2021-10-31,169290.0,169290.0,161010.0,165480.0,13118727080,79277,141,169400.0,162210.0,1400-08-09
2021-11-01,175000.0,175030.0,169720.0,170750.0,13182938520,77206,167,165480.0,172500.0,1400-08-10
2021-11-02,171000.0,174400.0,171000.0,172720.0,3868305920,22396,136,170750.0,171800.0,1400-08-11
2021-11-03,171230.0,176000.0,171230.0,175280.0,19153840870,109276,167,172720.0,175990.0,1400-08-12
2021-11-06,177000.0,183920.0,176220.0,180860.0,60358282790,333726,512,175280.0,180890.0,1400-08-15
2021-11-07,179000.0,181380.0,176000.0,178610.0,18804574710,105284,313,180860.0,176000.0,1400-08-16
2021-11-08,176500.0,181990.0,175500.0,178990.0,8960038340,50060,179,178610.0,178980.0,1400-08-17
2021-11-09,177880.0,181590.0,177880.0,180490.0,17802819930,98636,255,178990.0,179700.0,1400-08-18
2021-11-10,181950.0,181950.0,178720.0,179810.0,7503349410,41729,164,180490.0,180400.0,1400-08-19
2021-11-13,178000.0,178790.0,176290.0,177240.0,8421103970,47512,184,179810.0,176870.0,1400-08-22
2021-11-14,181690.0,181690.0,177050.0,178570.0,3594042750,20127,136,177240.0,178940.0,1400-08-23
2021-11-15,179000.0,179700.0,175000.0,176460.0,7372712480,41781,121,178570.0,175010.0,1400-08-24
2021-11-16,174150.0,178330.0,174110.0,175430.0,3224227820,18379,113,176460.0,175500.0,1400-08-25
2021-11-17,176500.0,178000.0,175000.0,176020.0,3155487030,17927,64,175430.0,175000.0,1400-08-26
2021-11-20,173720.0,173910.0,171860.0,172450.0,4580393710,26560,112,176020.0,172400.0,1400-08-29
2021-11-21,172460.0,174410.0,170200.0,172810.0,4145992810,23991,102,172450.0,174400.0,1400-08-30
2021-11-22,175780.0,176200.0,173830.0,175350.0,10268078740,58556,134,172810.0,175900.0,1400-09-01
2021-11-23,174110.0,177440.0,174000.0,174380.0,2996607600,17184,96,175350.0,174000.0,1400-09-02
2021-11-24,175040.0,175350.0,173260.0,173740.0,2096814670,12069,61,174380.0,174680.0,1400-09-03
2021-11-27,172020.0,172020.0,167570.0,170240.0,7867768130,46215,127,173740.0,168500.0,1400-09-06
2021-11-28,168980.0,171060.0,168000.0,168940.0,4670075110,27644,107,170240.0,169480.0,1400-09-07
2021-11-29,170000.0,170600.0,167220.0,168580.0,2305307230,13675,68,168940.0,168490.0,1400-09-08
2021-11-30,167100.0,167790.0,166700.0,167430.0,1784809170,10660,48,168580.0,167660.0,1400-09-09
2021-12-01,166160.0,166160.0,161940.0,164370.0,18706338120,113803,83,167430.0,164980.0,1400-09-10
2021-12-04,163010.0,166980.0,162590.0,164020.0,4393039730,26783,140,164370.0,165620.0,1400-09-13
2021-12-05,167900.0,167900.0,164230.0,165790.0,2060094490,12426,74,164020.0,165420.0,1400-09-14
2021-12-06,171000.0,171000.0,164500.0,165710.0,3638977800,21960,115,165790.0,166990.0,1400-09-15
2021-12-07,164020.0,164490.0,163500.0,163750.0,1451117130,8862,67,165710.0,163520.0,1400-09-16
2021-12-08,165010.0,169470.0,165010.0,166870.0,35522860900,212873,90,163750.0,166900.0,1400-09-17
2021-12-11,167000.0,169270.0,166500.0,166920.0,4859491430,29113,95,166870.0,166500.0,1400-09-20
2021-12-12,165320.0,165320.0,164230.0,164700.0,2582237140,15678,80,166920.0,164490.0,1400-09-21
2021-12-13,164010.0,164580.0,162000.0,162410.0,5506342600,33904,91,164700.0,162000.0,1400-09-22
2021-12-14,159000.0,163990.0,158000.0,159960.0,3326337670,20795,98,162410.0,161750.0,1400-09-23
2021-12-15,164090.0,164090.0,161020.0,162120.0,3397864910,20959,59,159960.0,161020.0,1400-09-24
2021-12-18,168100.0,168100.0,160250.0,164490.0,27797110900,168994,85,162120.0,165910.0,1400-09-27
2021-12-19,163130.0,163130.0,161780.0,162220.0,3347309020,20635,90,164490.0,161780.0,1400-09-28
2021-12-20,161000.0,165540.0,161000.0,162460.0,4852546400,29870,76,162220.0,163500.0,1400-09-29
2021-12-21,164030.0,167420.0,162320.0,165260.0,11416571710,69083,165,162460.0,167420.0,1400-09-30
2021-12-22,168020.0,173900.0,168020.0,172800.0,54463370060,315186,417,165260.0,173000.0,1400-10-01
2021-12-25,174000.0,176400.0,172000.0,174030.0,35908133580,206334,348,172800.0,173490.0,1400-10-04
2021-12-26,174000.0,175000.0,170200.0,172230.0,19709204950,114435,236,174030.0,174940.0,1400-10-05
2021-12-27,175000.0,176550.0,173500.0,174920.0,30527685280,174522,237,172230.0,175760.0,1400-10-06
2021-12-28,174150.0,175990.0,174100.0,174820.0,4012204750,22951,134,174920.0,175010.0,1400-10-07
2021-12-29,175500.0,176700.0,174500.0,175200.0,52377061360,298957,163,174820.0,174900.0,1400-10-08
2022-01-01,176990.0,176990.0,171000.0,171830.0,16229227830,94447,148,175200.0,171000.0,1400-10-11
2022-01-02,171840.0,173400.0,170000.0,171020.0,18225613370,106571,173,171830.0,170990.0,1400-10-12
2022-01-03,170990.0,171080.0,169000.0,170150.0,10975908290,64506,120,171020.0,169010.0,1400-10-13
2022-01-04,170000.0,173500.0,167500.0,168840.0,42036267880,248972,166,170150.0,168000.0,1400-10-14
2022-01-05,168840.0,168840.0,166470.0,166950.0,6798468090,40722,100,168840.0,166810.0,1400-10-15
2022-01-08,169530.0,169990.0,167000.0,167630.0,3213033990,19167,89,166950.0,167000.0,1400-10-18
2022-01-09,167000.0,167000.0,162890.0,165200.0,11761763400,71198,113,167630.0,163000.0,1400-10-19
2022-01-10,162030.0,165930.0,162030.0,164510.0,4635248420,28176,85,165200.0,165930.0,1400-10-20
2022-01-11,167660.0,167660.0,162900.0,164730.0,6702720630,40689,113,164510.0,162900.0,1400-10-21
2022-01-12,162450.0,163970.0,162000.0,162570.0,3054443030,18789,91,164730.0,162330.0,1400-10-22
2022-01-15,160690.0,160900.0,158700.0,159560.0,23180104890,145279,138,162570.0,158820.0,1400-10-25
2022-01-16,158560.0,160000.0,157960.0,158360.0,6143541160,38795,64,159560.0,160000.0,1400-10-26
2022-01-17,159880.0,159890.0,156200.0,157860.0,2243212650,14210,59,158360.0,156200.0,1400-10-27
2022-01-18,156650.0,156650.0,151680.0,154540.0,7916515470,51227,135,157860.0,153540.0,1400-10-28
2022-01-19,154640.0,156310.0,151000.0,152130.0,14123788140,92838,166,154540.0,154350.0,1400-10-29
2022-01-22,154360.0,155850.0,152130.0,152890.0,6644225830,43457,87,152130.0,152140.0,1400-11-02
2022-01-23,152890.0,152890.0,151500.0,151620.0,4045851030,26684,70,152890.0,152000.0,1400-11-03
2022-01-24,154900.0,154900.0,150370.0,150730.0,5722900870,37968,88,151620.0,150450.0,1400-11-04
2022-01-25,150000.0,150300.0,146000.0,147680.0,12832658730,86895,167,150730.0,150300.0,1400-11-05
2022-01-26,153940.0,155570.0,150750.0,152750.0,11467240160,75073,215,147680.0,155400.0,1400-11-06
2022-01-29,155400.0,162440.0,154020.0,158520.0,34816559790,219630,303,152750.0,161480.0,1400-11-09
2022-01-30,163000.0,163000.0,158350.0,159600.0,14850190850,93046,224,158520.0,158510.0,1400-11-10
2022-01-31,157010.0,162750.0,157000.0,160630.0,9114668130,56744,132,159600.0,162130.0,1400-11-11
2022-02-01,162120.0,162130.0,158650.0,159740.0,5710772760,35751,97,160630.0,159390.0,1400-11-12
2022-02-02,158780.0,160990.0,158780.0,160040.0,16422158540,102616,123,159740.0,160970.0,1400-11-13
2022-02-05,162030.0,162030.0,159000.0,159570.0,5971892470,37426,87,160040.0,159000.0,1400-11-16
2022-02-06,158400.0,158400.0,151210.0,155140.0,12196182520,78614,144,159570.0,153880.0,1400-11-17
2022-02-07,154330.0,155960.0,152030.0,154060.0,1631303300,10589,82,155140.0,154000.0,1400-11-18
2022-02-08,155470.0,158530.0,153730.0,155690.0,5393030050,34640,104,154060.0,155000.0,1400-11-19
2022-02-09,151610.0,156550.0,151610.0,154550.0,10777718610,69735,200,155690.0,155690.0,1400-11-20
2022-02-12,155720.0,158100.0,155150.0,157370.0,8400142810,53377,145,154550.0,157030.0,1400-11-23
2022-02-13,159000.0,159500.0,157000.0,158230.0,5718284570,36140,58,157370.0,157490.0,1400-11-24
2022-02-14,157500.0,159100.0,157500.0,158200.0,2618568750,16552,42,158230.0,158230.0,1400-11-25
2022-02-16,158950.0,159000.0,158200.0,158500.0,2258349470,14248,53,158200.0,158200.0,1400-11-27
2022-02-19,158670.0,161300.0,158670.0,159680.0,8180873850,51233,84,158500.0,160000.0,1400-11-30
2022-02-20,160500.0,160700.0,158890.0,159910.0,1777579130,11116,56,159680.0,160000.0,1400-12-01
2022-02-21,158120.0,162900.0,158120.0,160450.0,25208235440,157106,130,159910.0,161840.0,1400-12-02
2022-02-22,162000.0,162290.0,160000.0,160300.0,14810383010,92394,68,160450.0,160450.0,1400-12-03
2022-02-23,162960.0,162960.0,160300.0,161590.0,7861084490,48649,90,160300.0,160740.0,1400-12-04
2022-02-26,161590.0,161600.0,158110.0,160800.0,15779532730,98134,88,161590.0,159000.0,1400-12-07
2022-02-27,159000.0,159910.0,157920.0,158890.0,15163225150,95432,56,160800.0,159000.0,1400-12-08
2022-02-28,158890.0,159960.0,158510.0,158910.0,8473038530,53319,35,158890.0,159690.0,1400-12-09
2022-03-02,160000.0,161190.0,160000.0,160040.0,3782361480,23634,59,158910.0,160630.0,1400-12-11
2022-03-05,160040.0,162500.0,160040.0,161500.0,3675225170,22757,78,160040.0,162000.0,1400-12-14
2022-03-06,162590.0,167500.0,160020.0,164320.0,36763953540,223738,215,161500.0,166700.0,1400-12-15
2022-03-07,168990.0,171740.0,166000.0,169320.0,25142119650,148486,233,164320.0,166160.0,1400-12-16
2022-03-08,166100.0,171000.0,162050.0,167760.0,21511133410,128227,159,169320.0,167150.0,1400-12-17
2022-03-09,169190.0,170730.0,168150.0,168830.0,7284150000,43144,161,167760.0,169600.0,1400-12-18
2022-03-12,169990.0,169990.0,166000.0,166040.0,8669610350,52214,94,168830.0,166000.0,1400-12-21
2022-03-13,166000.0,166900.0,162000.0,164040.0,12976869180,79109,134,166040.0,163990.0,1400-12-22
2022-03-14,164040.0,165200.0,162810.0,163390.0,1963837240,12019,75,164040.0,163940.0,1400-12-23
2022-03-15,162530.0,164440.0,162500.0,163300.0,1334514370,8172,52,163390.0,164000.0,1400-12-24
2022-03-16,164880.0,166850.0,164840.0,166120.0,1622156940,9765,43,163300.0,166580.0,1400-12-25
2022-03-19,166890.0,171360.0,164890.0,169100.0,7175144570,42432,125,166120.0,171000.0,1400-12-28
2022-03-26,169220.0,173000.0,169220.0,172170.0,5349539070,31072,104,169100.0,173000.0,1401-01-06
2022-03-27,173790.0,176200.0,172170.0,174610.0,5127081750,29363,118,172170.0,175600.0,1401-01-07
2022-03-28,175600.0,177390.0,175600.0,176880.0,14470026830,81807,140,174610.0,177000.0,1401-01-08
2022-03-29,177010.0,177500.0,175110.0,176560.0,12838183870,72711,95,176880.0,175120.0,1401-01-09
2022-03-30,173110.0,178000.0,173110.0,177050.0,6520079070,36826,78,176560.0,177110.0,1401-01-10
2022-04-03,178200.0,183000.0,178200.0,181690.0,10581044410,58238,164,177050.0,182740.0,1401-01-14
2022-04-04,183990.0,184980.0,180010.0,181920.0,23206520610,127564,249,181690.0,180010.0,1401-01-15
2022-04-05,179880.0,183900.0,178000.0,182520.0,17686710100,96905,180,181920.0,182700.0,1401-01-16
2022-04-06,180000.0,184700.0,178000.0,180090.0,12700447320,70523,182,182520.0,178200.0,1401-01-17
2022-04-09,180090.0,182000.0,180090.0,180370.0,9645976070,53478,147,180090.0,181100.0,1401-01-20
2022-04-10,178210.0,183000.0,178210.0,182260.0,7546619740,41406,139,180370.0,182790.0,1401-01-21
2022-04-11,182980.0,183840.0,181050.0,182230.0,15011256080,82377,131,182260.0,182500.0,1401-01-22
2022-04-12,180510.0,181000.0,176000.0,179450.0,12729461760,70937,110,182230.0,176000.0,1401-01-23
2022-04-13,175160.0,181990.0,175160.0,179130.0,5521843310,30826,160,179450.0,178200.0,1401-01-24
2022-04-16,180990.0,181200.0,178000.0,178880.0,6362693490,35570,144,179130.0,179930.0,1401-01-27
2022-04-17,179310.0,180750.0,177940.0,179830.0,7401771980,41160,135,178880.0,180640.0,1401-01-28
2022-04-18,181200.0,185400.0,181200.0,183860.0,32329690290,175842,285,179830.0,185000.0,1401-01-29
2022-04-19,185690.0,189500.0,185690.0,187060.0,10136133900,54186,167,183860.0,187900.0,1401-01-30
2022-04-20,189600.0,189600.0,187060.0,187270.0,12425995370,66352,122,187060.0,188490.0,1401-01-31
2022-04-24,187280.0,189380.0,186400.0,187200.0,13751205850,73457,135,187270.0,186400.0,1401-02-04
2022-04-25,187200.0,189300.0,185500.0,186220.0,9296794280,49924,89,187200.0,188000.0,1401-02-05
2022-04-26,188980.0,188980.0,187020.0,187980.0,4952745030,26347,121,186220.0,188200.0,1401-02-06
2022-04-27,189980.0,189980.0,187000.0,187130.0,43731282140,233694,112,187980.0,187000.0,1401-02-07
2022-04-30,186310.0,190000.0,186100.0,188470.0,2886669400,15316,87,187130.0,187000.0,1401-02-10
2022-05-01,188190.0,188190.0,186300.0,186640.0,4965107270,26603,100,188470.0,186510.0,1401-02-11
2022-05-02,186510.0,187340.0,185280.0,186650.0,1669232910,8943,80,186640.0,187200.0,1401-02-12
2022-05-07,187010.0,190980.0,187010.0,189660.0,7086062300,37362,120,186650.0,190890.0,1401-02-17
2022-05-08,189700.0,192450.0,189700.0,190670.0,1952309420,10239,86,189660.0,190990.0,1401-02-18
2022-05-09,190680.0,191010.0,188000.0,190230.0,13130065660,69022,122,190670.0,188240.0,1401-02-19
2022-05-10,186260.0,189970.0,186260.0,189100.0,5685048260,30064,119,190230.0,188910.0,1401-02-20
2022-05-11,188570.0,191470.0,188570.0,190950.0,8720465840,45670,195,189100.0,191000.0,1401-02-21
2022-05-14,192990.0,194000.0,191060.0,192020.0,8588665990,44729,218,190950.0,192050.0,1401-02-24
2022-05-15,194390.0,194390.0,191000.0,191840.0,15109408520,78759,137,192020.0,192000.0,1401-02-25
2022-05-16,191110.0,194860.0,191110.0,193080.0,9978991700,51682,154,191840.0,192510.0,1401-02-26
2022-05-17,194670.0,194680.0,192500.0,193730.0,363927568910,1878516,233,193080.0,192500.0,1401-02-27
2022-05-18,193730.0,194660.0,193730.0,193880.0,9903999660,51083,120,193730.0,194490.0,1401-02-28
2022-05-21,193930.0,194630.0,193880.0,194010.0,8328053960,42925,82,193880.0,194010.0,1401-02-31
2022-05-22,194010.0,195490.0,194010.0,194510.0,1624157410,8350,71,194010.0,194880.0,1401-03-01
2022-05-23,194900.0,194900.0,194510.0,194520.0,21732978880,111729,140,194510.0,194510.0,1401-03-02
2022-05-24,194530.0,196200.0,194520.0,195740.0,4673879520,23878,108,194520.0,196200.0,1401-03-03
2022-05-25,196660.0,198000.0,196470.0,196640.0,6419543780,32646,71,195740.0,197760.0,1401-03-04
2022-05-28,197000.0,198070.0,196500.0,197020.0,10759578510,54611,113,196640.0,197420.0,1401-03-07
2022-05-29,196190.0,196190.0,193000.0,193270.0,6020166500,31149,99,197020.0,193200.0,1401-03-08
2022-05-30,194000.0,196000.0,194000.0,194650.0,3665011650,18829,69,193270.0,194200.0,1401-03-09
2022-05-31,194000.0,195980.0,194000.0,195030.0,5972343900,30623,65,194650.0,195300.0,1401-03-10
2022-06-01,196990.0,196990.0,194000.0,194620.0,1573888520,8087,57,195030.0,194990.0,1401-03-11
2022-06-06,197190.0,197190.0,191500.0,194290.0,7941096440,40873,93,194620.0,192510.0,1401-03-16
2022-06-07,197490.0,197490.0,191810.0,196110.0,4289688510,21874,83,194290.0,193790.0,1401-03-17
2022-06-08,192780.0,194890.0,192330.0,192710.0,5761340790,29896,75,196110.0,192900.0,1401-03-18
2022-06-11,192960.0,193470.0,192710.0,192830.0,6096590980,31617,65,192710.0,192710.0,1401-03-21
2022-06-12,192830.0,195300.0,192830.0,194630.0,10332032500,53086,104,192830.0,195100.0,1401-03-22
2022-06-13,195800.0,200000.0,195050.0,199170.0,246986707830,1240058,317,194630.0,199500.0,1401-03-23
2022-06-14,200110.0,200110.0,198250.0,199030.0,8757930040,44003,91,199170.0,198860.0,1401-03-24
2022-06-15,198500.0,199630.0,196500.0,197450.0,107952310220,546729,113,199030.0,197500.0,1401-03-25
2022-06-18,193000.0,197450.0,193000.0,196360.0,26141660980,133132,92,197450.0,195000.0,1401-03-28
2022-06-19,196360.0,199760.0,196360.0,198190.0,4783454250,24136,90,196360.0,197740.0,1401-03-29
2022-06-20,198200.0,199990.0,198190.0,198230.0,4061269220,20488,57,198190.0,198200.0,1401-03-30
2022-06-21,198280.0,198300.0,198230.0,198230.0,9313474660,46983,46,198230.0,198230.0,1401-03-31
2022-06-22,196000.0,198900.0,196000.0,196220.0,3567941160,18183,68,198230.0,198140.0,1401-04-01
2022-06-25,198390.0,198390.0,196000.0,196240.0,10621086540,54122,73,196220.0,196000.0,1401-04-04
2022-06-26,193040.0,193070.0,192500.0,192610.0,1879303080,9757,45,196240.0,192500.0,1401-04-05
2022-06-27,191990.0,192000.0,190100.0,191200.0,4703836810,24602,61,192610.0,191600.0,1401-04-06
2022-06-28,192920.0,192920.0,191240.0,192190.0,2286297000,11896,73,191200.0,192000.0,1401-04-07
2022-06-29,192190.0,192750.0,192000.0,192180.0,10908020870,56760,33,192190.0,192020.0,1401-04-08
2022-07-02,192100.0,192470.0,191200.0,191920.0,13442345250,70043,55,192180.0,192000.0,1401-04-11
2022-07-03,192000.0,192000.0,190080.0,191660.0,2219071730,11578,45,191920.0,191510.0,1401-04-12
2022-07-04,194250.0,194250.0,191000.0,191000.0,287897414460,1507282,102,191660.0,191510.0,1401-04-13
2022-07-05,189100.0,191930.0,189100.0,190680.0,1203552410,6312,29,191000.0,190800.0,1401-04-14
2022-07-06,191500.0,191850.0,191500.0,191540.0,4325071970,22581,42,190680.0,191500.0,1401-04-15
2022-07-09,190770.0,191990.0,190770.0,190860.0,3439077330,18019,46,191540.0,190770.0,1401-04-18
2022-07-11,192790.0,194000.0,190860.0,191000.0,2976023420,15581,56,190860.0,191000.0,1401-04-20
2022-07-12,193000.0,193000.0,189140.0,191990.0,1634644560,8514,46,191000.0,191990.0,1401-04-21
2022-07-13,193970.0,194490.0,192000.0,193740.0,2170637730,11204,54,191990.0,193500.0,1401-04-22
2022-07-16,191030.0,191990.0,191000.0,191030.0,2258538600,11823,37,193740.0,191000.0,1401-04-25
2022-07-17,192000.0,192930.0,191030.0,191100.0,192001861400,1004717,46,191030.0,191030.0,1401-04-26
2022-07-19,192500.0,192500.0,187500.0,187660.0,5298125120,28233,89,191100.0,187520.0,1401-04-28
2022-07-20,188020.0,189720.0,188020.0,188840.0,628459700,3328,44,187660.0,188890.0,1401-04-29
2022-07-23,190500.0,192500.0,188860.0,190630.0,1723693360,9042,78,188840.0,188860.0,1401-05-01
2022-07-24,190630.0,191000.0,190630.0,190650.0,1586564360,8322,32,190630.0,191000.0,1401-05-02
2022-07-25,190650.0,190650.0,187000.0,187140.0,3312158830,17699,50,190650.0,188000.0,1401-05-03
2022-07-26,187140.0,188500.0,187140.0,187150.0,3936735590,21035,23,187140.0,187160.0,1401-05-04
2022-07-27,187150.0,189450.0,187150.0,187220.0,628692370,3358,12,187150.0,187740.0,1401-05-05
2022-07-30,188000.0,188500.0,187220.0,187250.0,3355261580,17919,33,187220.0,187220.0,1401-05-08
2022-07-31,188900.0,188900.0,184200.0,184330.0,2078296010,11275,37,187250.0,185740.0,1401-05-09
2022-08-01,183900.0,183990.0,182000.0,183300.0,2237120590,12205,47,184330.0,182500.0,1401-05-10
2022-08-02,183180.0,184720.0,183180.0,183600.0,1331636080,7253,34,183300.0,183490.0,1401-05-11
2022-08-03,183990.0,185000.0,183770.0,184140.0,1013708010,5505,55,183600.0,185000.0,1401-05-12
2022-08-06,185800.0,188970.0,184330.0,186040.0,10606112830,57011,38,184140.0,188360.0,1401-05-15
2022-08-09,186040.0,189470.0,185500.0,186020.0,10352679160,55654,32,186040.0,186060.0,1401-05-18
2022-08-10,185990.0,185990.0,183000.0,183820.0,6421342840,34932,46,186020.0,185000.0,1401-05-19
2022-08-13,185200.0,188000.0,185200.0,186390.0,17850354150,95768,59,183820.0,187030.0,1401-05-22
2022-08-14,187010.0,187010.0,184000.0,185520.0,12741236680,68679,47,186390.0,184300.0,1401-05-23
2022-08-15,183050.0,185500.0,183050.0,184590.0,714176320,3869,36,185520.0,185040.0,1401-05-24
2022-08-16,185020.0,185630.0,184100.0,184980.0,6026773690,32581,34,184590.0,185000.0,1401-05-25
2022-08-17,185000.0,185000.0,183000.0,183690.0,1859104510,10121,43,184980.0,184700.0,1401-05-26
2022-08-20,184730.0,184730.0,180010.0,180920.0,4061108520,22447,60,183690.0,180030.0,1401-05-29
2022-08-21,181000.0,183310.0,180000.0,181780.0,4197986070,23094,53,180920.0,180980.0,1401-05-30
2022-08-22,181000.0,182000.0,179010.0,180150.0,1720837220,9552,47,181780.0,179010.0,1401-05-31
2022-08-23,179020.0,181910.0,179020.0,181000.0,714953840,3950,50,180150.0,181000.0,1401-06-01
2022-08-24,183190.0,184000.0,181020.0,183670.0,6644620720,36176,76,181000.0,184000.0,1401-06-02
2022-08-27,182800.0,185000.0,182800.0,183620.0,828315650,4511,50,183670.0,183200.0,1401-06-05
2022-08-28,181140.0,183500.0,181000.0,181870.0,7018214150,38589,38,183620.0,181070.0,1401-06-06
2022-08-29,182000.0,182000.0,181000.0,181370.0,560627620,3091,22,181870.0,181000.0,1401-06-07
2022-08-30,180280.0,180280.0,180020.0,180070.0,265602620,1475,19,181370.0,180040.0,1401-06-08
2022-08-31,180110.0,180980.0,180000.0,180120.0,4614431060,25618,15,180070.0,180020.0,1401-06-09
2022-09-03,180070.0,181000.0,179200.0,179930.0,914202820,5081,32,180120.0,179200.0,1401-06-12
2022-09-04,180790.0,180790.0,179000.0,179100.0,1762189790,9839,22,179930.0,179020.0,1401-06-13
2022-09-05,179990.0,181300.0,179990.0,181000.0,372315540,2057,23,179100.0,181100.0,1401-06-14
2022-09-06,179730.0,179730.0,177000.0,177820.0,750206230,4219,30,181000.0,177300.0,1401-06-15
2022-09-07,177500.0,177500.0,176000.0,176150.0,3174218490,18020,24,177820.0,176000.0,1401-06-16
