,date,individual_buy_count,corporate_buy_count,individual_sell_count,corporate_sell_count,individual_buy_vol,corporate_buy_vol,individual_sell_vol,corporate_sell_vol,individual_buy_value,corporate_buy_value,individual_sell_value,corporate_sell_value,individual_buy_mean_price,individual_sell_mean_price,corporate_buy_mean_price,corporate_sell_mean_price,individual_ownership_change
0,2022-09-10,34,0,140,1,4605239,0,3305239,1300000,24919921100,0,17896921100,7023000000,5411.211253096745,5414.713156900303,,5402.307692307692,1300000.0
1,2022-09-07,106,0,195,3,6684257,0,5127493,1556764,33968122077,0,26017537745,7950584332,5081.809702559312,5074.124478570717,,5107.122423180392,1556764.0
2,2022-09-06,52,0,78,1,1374895,0,1164088,210807,6637637447,0,5612115427,1025522020,4827.741352612381,4821.040528722914,,4864.743675494647,210807.0
3,2022-09-05,57,0,51,1,1384153,0,1334153,50000,6586701719,0,6348283159,238418560,4758.651477835181,4758.287212186308,,4768.3712,50000.0
4,2022-09-04,48,2,53,1,1179146,63783,1167929,75000,5529598778,301023250,5475122028,355500000,4689.49458167182,4687.889441909568,4719.490303058808,4740.0,11217.0
5,2022-09-03,45,1,63,1,918998,254779,1168777,5000,4269355562,1202792296,5448954727,23193131,4645.663605361491,4662.099551069195,4720.924000800694,4638.6262,-249779.0
6,2022-08-31,46,1,68,0,923127,191329,1114456,0,4424758310,918964381,5343722691,0,4793.22813654026,4794.915807353543,4803.058506551542,,-191329.0
7,2022-08-30,61,1,119,1,2193309,429865,2523174,100000,10504863935,2063509419,12088373354,480000000,4789.504777940546,4790.9392511178385,4800.366205669222,4800.0,-329865.0
8,2022-08-29,157,1,115,2,3318617,78072,3149372,247317,16104534185,375240392,15286076272,1193698305,4852.78481518054,4853.6902823801065,4806.337637052977,4826.592207571659,169245.0
9,2022-08-28,132,1,190,1,5181504,35173,4500678,715999,24552437842,159013480,21295262721,3416188601,4738.47706032843,4731.56771513092,4520.896141927046,4771.219793603063,680826.0
10,2022-08-27,165,2,162,1,5797177,155954,5253131,700000,26264557272,697278520,23772835792,3189000000,4530.577084674144,4525.460300152424,4471.052489836747,4555.714285714285,544046.0
11,2022-08-24,30,0,83,1,2998096,0,1648096,1350000,13064199269,0,7179199269,5885000000,4357.498648809111,4356.056485180475,,4359.259259259259,1350000.0
12,2022-08-23,93,0,87,1,2285796,0,2054934,230862,9505201678,0,8539664378,965537300,4158.377072144671,4155.687909198057,,4182.313676568686,230862.0
13,2022-08-22,53,0,67,1,1293792,0,1004342,289450,5275531321,0,4092890279,1182641042,4077.572995504687,4075.195778927895,,4085.821530488858,289450.0
14,2022-08-21,63,2,43,0,1148135,105000,1253135,0,4528567296,417687818,4946255114,0,3944.2812003814884,3947.104752480778,3977.979219047619,,-105000.0
15,2022-08-20,39,1,37,0,640741,67500,708241,0,2587031908,270000000,2857031908,0,4037.562615783913,4033.9826527975647,4000.0,,-67500.0
16,2022-08-17,39,1,49,1,853305,94518,897823,50000,3460933739,384390920,3640324659,205000000,4055.916394489661,4054.6128346010296,4066.8541441841767,4100.0,-44518.0
17,2022-08-16,47,1,58,1,1120393,97706,993031,225068,4605142142,394516650,4079169212,920489580,4110.2917833296,4107.796445428189,4037.7934824882814,4089.828762862779,127362.0
18,2022-08-15,43,1,29,0,501533,66709,568242,0,2013241515,266168910,2279410425,0,4014.175567709403,4011.337467135481,3990.0,,-66709.0
19,2022-08-14,51,0,54,1,992219,0,892219,100000,4033063099,0,3622063099,411000000,4064.6904554337298,4059.6121568807657,,4110.0,100000.0
20,2022-08-13,59,1,64,1,1957310,75000,1863579,168731,8011029281,302250000,7619166862,694112419,4092.8771022474725,4088.45928291744,4030.0,4113.7219538792515,93731.0
21,2022-08-10,46,1,27,0,391461,60000,451461,0,1530947477,235117500,1766064977,0,3910.8556842188623,3911.888240623221,3918.625,,-60000.0
22,2022-08-09,23,1,28,0,740782,10000,750782,0,2960229576,40560000,3000789576,0,3996.0873455348537,3996.8853488762384,4056.0,,-10000.0
23,2022-08-06,52,0,32,1,1783898,0,1072430,711468,7327569996,0,4412438702,2915131294,4107.617137302694,4114.430500825229,,4097.347026148752,711468.0
24,2022-08-03,64,0,76,0,1280918,0,1280918,0,5179625320,0,5179625320,0,4043.6822029200935,4043.6822029200935,,,0.0
25,2022-08-02,59,1,31,0,568233,70000,638233,0,2199148915,269560000,2468708915,0,3870.1534669756948,3868.037088336078,3850.8571428571427,,-70000.0
26,2022-08-01,48,1,35,0,479965,205000,684965,0,1885591372,800000000,2685591372,0,3928.601818882627,3920.771677384976,3902.439024390244,,-205000.0
27,2022-07-31,38,1,37,0,429245,95845,525090,0,1680461117,379733875,2060194992,0,3914.922985707463,3923.508335713878,3961.9581094475457,,-95845.0
28,2022-07-30,42,1,45,0,522304,150000,672304,0,2114380825,602625000,2717005825,0,4048.1804179175347,4041.335206989695,4017.5,,-150000.0
29,2022-07-27,59,1,44,1,722387,140000,775084,87303,2921770439,562800000,3126628139,357942300,4044.605507851055,4033.9216639744855,4020.0,4100.0,-52697.0
30,2022-07-26,82,3,45,1,835405,339050,1174405,50,3334968389,1357138000,4691906889,199500,3992.037860678354,3995.1353144783952,4002.766553605663,3990.0,-339000.0
31,2022-07-25,58,1,44,0,927506,488000,1415506,0,3774991288,1982670300,5757661588,0,4070.0451404087953,4067.564240631972,4062.848975409836,,-488000.0
32,2022-07-24,42,1,43,0,584231,117994,702225,0,2461068699,495185885,2956254584,0,4212.492488416397,4209.83955854605,4196.703942573351,,-117994.0
33,2022-07-23,80,1,42,0,1034768,107850,1142618,0,4439440213,458636789,4898077002,0,4290.275900491704,4286.714371732285,4252.54324524803,,-107850.0
34,2022-07-20,61,1,49,2,1261050,67000,1096944,231106,5482743484,286760000,4760647382,1008856102,4347.760583640617,4339.918338584285,4280.0,4365.3392901958405,164106.0
35,2022-07-19,61,0,83,1,1710301,0,1350136,360165,7466538045,0,5883269427,1583268618,4365.628064884485,4357.538371689963,,4395.95357127983,360165.0
36,2022-07-17,92,1,75,1,2696153,199200,2645353,250000,11427662738,849960000,11224145961,1053476777,4238.506767976446,4242.967180939557,4266.8674698795185,4213.907108,50800.0
37,2022-07-16,54,1,63,0,710191,214773,924964,0,3061477904,928171520,3989649424,0,4310.781049041737,4313.302381498091,4321.639684690347,,-214773.0
38,2022-07-13,95,1,73,2,1303445,75000,1263945,114500,5717108757,326250000,5543614222,499744535,4386.152662367802,4385.961590100835,4350.0,4364.581091703057,39500.0
39,2022-07-12,119,2,61,0,2412907,369145,2782052,0,10883098681,1672833100,12555931781,0,4510.368066817328,4513.190904052117,4531.64230857793,,-369145.0
40,2022-07-11,79,2,69,1,888925,80000,918425,50500,4152082314,371295620,4287747514,235630420,4670.902847821807,4668.587542804257,4641.19525,4665.948910891089,-29500.0
41,2022-07-09,76,2,61,3,1279843,190391,1299824,170410,6089002223,905164182,6187085963,807080442,4757.6165381222545,4759.9413174399,4754.238288574565,4736.109629716566,-19981.0
42,2022-07-06,29,2,61,1,692300,79737,752037,20000,3357323765,387952237,3647876002,97400000,4849.521544128268,4850.660276023653,4865.397958287871,4870.0,-59737.0
43,2022-07-05,82,1,53,0,1070535,67000,1137535,0,5226924842,325620000,5552544842,0,4882.535220240347,4881.207911844471,4860.0,,-67000.0
44,2022-07-04,62,2,54,0,561619,108347,669966,0,2768088915,529565812,3297654727,0,4928.766503626124,4922.122506216733,4887.683203042077,,-108347.0
45,2022-07-03,28,1,46,0,385941,70000,455941,0,1901182837,343000000,2244182837,0,4926.09708996971,4922.090439333159,4900.0,,-70000.0
46,2022-07-02,39,1,70,1,642526,69067,697180,14413,3181499363,335928300,3445362663,72065000,4951.549607331065,4941.855278407298,4863.803263497763,5000.0,-54654.0
47,2022-06-29,86,2,64,2,1395447,475685,1207729,663403,6879680510,2332856500,5950489650,3262047360,4930.090866940844,4927.007341878849,4904.204463037514,4917.142913131234,187718.0
48,2022-06-28,165,1,86,0,2674596,1042305,3716901,0,13509872220,5256947400,18766819620,0,5051.1823916584035,5049.050168406422,5043.578798912026,,-1042305.0
49,2022-06-27,66,1,103,0,1155077,244553,1399630,0,6084219210,1269933120,7354152330,0,5267.371101666815,5254.354600858798,5192.874836947411,,-244553.0
50,2022-06-26,80,2,138,0,1599487,1257999,2857486,0,8566201750,6721622810,15287824560,0,5355.593230829635,5350.09604946446,5343.10663998938,,-1257999.0
51,2022-06-25,116,2,122,3,2444851,800000,2771834,473017,13575321380,4422000000,15374281280,2623040100,5552.617063371142,5546.609674316716,5527.5,5545.3400194918995,-326983.0
52,2022-06-22,102,2,151,2,3630895,33811,3340552,324154,19572556945,185680731,17983177416,1775060260,5390.559888126757,5383.295160799772,5491.725503534352,5475.978269587912,290343.0
53,2022-06-21,171,1,170,3,3452449,149121,3248473,353097,18266097177,792399681,17160396938,1898099920,5290.7652443236675,5282.604146009525,5313.8034280885995,5375.576456327864,203976.0
54,2022-06-20,194,2,195,1,5719214,100000,4518151,1301063,29830529428,523900000,23568604428,6785825000,5215.844245030873,5216.426902952115,5239.0,5215.600628101791,1201063.0
55,2022-06-19,98,1,89,1,1948301,223042,2035891,135452,9612369733,1081405800,10019515759,674259774,4933.719036740216,4921.440174842366,4848.440204087123,4977.8502643002685,-87590.0
56,2022-06-18,92,1,107,1,2287019,150000,2337019,100000,11448685495,748500000,11687185495,510000000,5005.942449538023,5000.894513480635,4990.0,5100.0,-50000.0
57,2022-06-15,66,1,113,1,2135523,13229,2038752,110000,10559659816,61945800,10076305616,545300000,4944.765200843072,4942.389077239409,4682.5761584397915,4957.272727272727,96771.0
58,2022-06-14,58,1,68,0,738050,436305,1174355,0,3544269102,2095284627,5639553729,0,4802.207305738094,4802.25632709019,4802.339251211882,,-436305.0
59,2022-06-13,75,1,72,2,798124,100000,698124,200000,3927659738,490000000,3433744161,983915577,4921.1146864397015,4918.530463069598,4900.0,4919.577885,100000.0
60,2022-06-12,65,1,124,1,1786503,62530,1749033,100000,8713755691,296109261,8521864952,488000000,4877.548871174579,4872.3294254596685,4735.475147928994,4880.0,37470.0
61,2022-06-11,113,1,108,1,1938959,50000,1924759,64200,9354446746,237500000,9282369463,309577283,4824.468565864467,4822.613876854193,4750.0,4822.076059190031,14200.0
62,2022-06-08,270,2,187,0,4720483,1090580,5811063,0,22633180550,5219868360,27853048910,0,4794.6747292596965,4793.107372953968,4786.323204166591,,-1090580.0
63,2022-06-07,100,1,84,0,1609107,1310440,2919547,0,8141178500,6522702740,14663881240,0,5059.438868888147,5022.656336753613,4977.4905680534785,,-1310440.0
64,2022-06-06,74,1,107,0,1596084,769807,2365891,0,8336022170,4041679130,12377701300,0,5222.796651053453,5231.729314664116,5250.24990679482,,-769807.0
65,2022-06-01,113,1,140,0,1798912,588643,2387555,0,9853061650,3207325650,13060387300,0,5477.233822443788,5470.193273034548,5448.677126883357,,-588643.0
66,2022-05-31,166,1,224,1,5506659,684346,4945554,1245451,30332340310,3614156810,27052061720,6894435400,5508.301914100728,5469.976006732511,5281.183509511271,5535.693816938603,561105.0
67,2022-05-30,280,2,228,0,5450934,1590000,7040934,0,28567684260,8301130680,36868814940,0,5240.878766831519,5236.352867389469,5220.836905660377,,-1590000.0
68,2022-05-29,81,1,94,0,974528,1300000,2274528,0,5370450400,7130500000,12500950400,0,5510.822059499573,5496.063534939996,5485.0,,-1300000.0
69,2022-05-28,3,0,4,0,0,0,0,0,0,0,0,0,,,,,0.0
70,2022-05-22,369,1,298,2,6618206,1110221,7668427,60000,39816410910,6653584400,46098995310,371000000,6016.193951956165,6011.532131687502,5993.026973908798,6183.333333333333,-1050221.0
71,2022-05-21,471,1,366,1,14643823,200000,14643823,200000,91217724050,1225000000,91204724050,1238000000,6229.09222885308,6228.204482531645,6125.0,6190.0,0.0
72,2022-05-18,337,0,241,0,10979724,0,10979724,0,64697950650,0,64697950650,0,5892.493349559606,5892.493349559606,,,0.0
73,2022-05-17,27,0,5,0,0,0,0,0,0,0,0,0,,,,,0.0
74,2022-05-14,7,0,52,1,1536335,0,936335,600000,9709637200,0,5917637200,3792000000,6320.0,6320.0,,6320.0,600000.0
75,2022-05-11,16,0,61,1,1565538,0,565538,1000000,9581092560,0,3461092560,6120000000,6120.0,6120.0,,6120.0,1000000.0
76,2022-05-10,84,0,178,3,5509620,0,3409620,2100000,31849095460,0,19584965710,12264129750,5780.633775106087,5744.031801197787,,5840.061785714286,2100000.0
77,2022-05-09,170,1,180,1,4250749,670908,4871657,50000,23478886220,3714222240,26898108460,295000000,5523.470386042554,5521.346938013083,5536.112611565222,5900.0,-620908.0
78,2022-05-08,209,1,208,1,5602973,112635,5615608,100000,32329346420,641387750,32380734170,590000000,5770.034305002006,5766.202728181882,5694.391175034403,5900.0,-12635.0
79,2022-05-07,42,0,103,2,4397499,0,3317499,1080000,24871325490,0,18764825490,6106500000,5655.78877675697,5656.31684892746,,5654.166666666667,1080000.0
80,2022-05-02,114,1,145,1,2417368,133200,2483968,66600,12908496610,696636000,13245492610,359640000,5339.897198109679,5332.3926113379885,5230.0,5400.0,-66600.0
81,2022-05-01,261,2,220,0,5516231,570365,6086596,0,29743434900,3037159900,32780594800,0,5391.985016581068,5385.702418888982,5324.940871196514,,-570365.0
82,2022-04-30,306,0,191,3,11907379,0,9707379,2200000,64276837770,0,52374837770,11902000000,5398.067683072824,5395.363441563371,,5410.0,2200000.0
83,2022-04-27,44,1,184,1,4760569,58120,3568686,1250003,24313879803,280476000,18157090308,6437265495,5107.347420654968,5087.8923805568775,4825.808671713696,5149.800036479913,1191883.0
84,2022-04-26,149,1,140,0,2053753,100000,2153753,0,10017694209,486000000,10503694209,0,4877.750249908338,4876.926095517917,4860.0,,-100000.0
85,2022-04-25,140,1,186,2,6224091,27590,4701681,1550000,30280336318,126950690,22855087008,7552200000,4865.021465463792,4861.045870189832,4601.329829648424,4872.387096774193,1522410.0
86,2022-04-24,93,1,75,1,1420237,141540,1361777,200000,6506777044,647133300,6240036161,913874183,4581.472700683055,4582.274602229293,4572.087749046206,4569.370915,58460.0
87,2022-04-20,94,1,51,1,1075166,121541,1146707,50000,4958234608,568811880,5297269416,229777072,4611.599146550393,4619.549210042321,4680.0,4595.54144,-71541.0
88,2022-04-19,62,1,83,1,1172277,45750,1177631,40396,5531173831,212737500,5553928151,189983180,4718.3164311847795,4716.1871171869625,4650.0,4703.019605901574,-5354.0
89,2022-04-18,72,1,82,3,1793938,177175,1671113,300000,8457280909,824005000,7867685378,1413600531,4714.366332058298,4708.051088107148,4650.797234372795,4712.00177,122825.0
90,2022-04-17,108,1,91,2,2293001,50000,2209095,133906,10565481722,230000000,10167679312,627802410,4607.709164540269,4602.644663086015,4600.0,4688.381476558183,83906.0
91,2022-04-16,95,1,104,2,2438174,143424,2371346,210252,11408395347,658680896,11073705193,993371050,4679.073498035825,4669.797318906646,4592.543061133422,4724.668730856306,66828.0
92,2022-04-13,125,1,87,0,1615523,126641,1742164,0,7427198973,571605525,7998804498,0,4597.395996838176,4591.30397482671,4513.589793194937,,-126641.0
93,2022-04-12,124,1,107,1,1682727,1105555,2778713,9569,7900268790,5144475160,12998241950,46502000,4694.920085076189,4677.792182927852,4653.29645291279,4859.65095621277,-1095986.0
94,2022-04-11,240,0,183,2,7047431,0,5966430,1081001,34278655835,0,28989355940,5289299895,4863.993111106728,4858.7439959909025,,4892.964849246208,1081001.0
95,2022-04-10,154,1,130,4,8354397,95382,4366665,4083114,38978650561,429219000,20211068191,19196801370,4665.644996401296,4628.490665301781,4500.0,4701.510016619668,3987732.0
96,2022-04-09,92,1,93,1,2710905,200000,2075041,835864,12189447846,904205785,9321725016,3771928615,4496.449652791227,4492.308834379658,4521.028925,4512.610442607888,635864.0
97,2022-04-06,122,1,101,1,2226724,15000,2229326,12398,9726189362,64650000,9735296322,55543040,4367.93664684083,4366.923600227154,4310.0,4480.0,-2602.0
98,2022-04-05,119,1,88,0,1567288,31500,1598788,0,6835698806,138519056,6974217862,0,4361.482258525555,4362.190523071226,4397.430349206349,,-31500.0
99,2022-04-04,106,1,64,0,1670780,409863,2080643,0,7394688533,1804741555,9199430088,0,4425.890023222686,4421.436107972391,4403.280010637701,,-409863.0
100,2022-04-03,80,0,78,1,1345620,0,1329512,16108,6087345075,0,6013731515,73613560,4523.821788469256,4523.262306019051,,4570.0,16108.0
101,2022-03-30,72,1,59,0,1463596,133425,1597021,0,6557685001,602662650,7160347651,0,4480.529463731795,4483.565119682208,4516.864530635188,,-133425.0
102,2022-03-29,70,1,82,1,1140309,13681,1153990,0,5234660607,62453950,5297114557,0,4590.56326574639,4590.260363608004,4565.013522403333,,-13681.0
103,2022-03-28,143,0,116,1,4378219,0,3678219,700000,19898707816,0,16710307816,3188400000,4544.93204108794,4543.04319998347,,4554.857142857143,700000.0
104,2022-03-27,69,0,59,1,1146521,0,1046521,100000,4954147814,0,4518647814,435500000,4321.026665887498,4317.780354144828,,4355.0,100000.0
105,2022-03-26,51,1,36,1,512457,100000,608195,4262,2191175368,427500000,2600135668,18539700,4275.822884651785,4275.1677800705365,4275.0,4350.0,-95738.0
106,2022-03-19,36,0,51,1,543752,0,508861,34891,2389082182,0,2235982817,153099365,4393.698196972149,4394.093508836401,,4387.932848012381,34891.0
107,2022-03-16,43,1,69,2,1425574,100000,1085869,439705,6373522008,435500000,4832513736,1976508272,4470.846134960374,4450.365316626591,4355.0,4495.078000022742,339705.0
108,2022-03-15,47,1,52,4,642235,109711,661946,90000,2697533139,460203540,2778894223,378842456,4200.227547548794,4198.0678529668585,4194.689137825742,4209.360622222222,-19711.0
109,2022-03-14,20,1,34,0,228195,60000,288195,0,965094753,254100000,1219194753,0,4229.254598041149,4230.4507468901265,4235.0,,-60000.0
110,2022-03-13,89,4,122,2,2679201,114587,2297249,496539,11563958094,483221040,9895259233,2151919901,4316.196542924551,4307.4386942817255,4217.066857496924,4333.838633017749,381952.0
111,2022-03-12,62,1,67,2,1659854,50000,1634854,75000,7006210082,209550000,6895375082,320385000,4220.979725927702,4217.731419441736,4191.0,4271.8,25000.0
112,2022-03-09,39,0,76,1,1157155,0,1050951,106204,5092111354,0,4617744634,474366720,4400.543880465452,4393.872439343033,,4466.561711423298,106204.0
113,2022-03-08,54,1,75,0,1647979,150000,1797979,0,7206466518,651500000,7857966518,0,4372.911619626221,4370.443991837502,4343.333333333333,,-150000.0
114,2022-03-07,257,3,154,2,8448352,1940650,10079002,310000,37708706017,8692702907,44979088924,1422320000,4463.4392621188135,4462.653040846702,4479.273906680752,4588.129032258064,-1630650.0
115,2022-03-06,146,2,202,2,5642874,138111,4460985,1320000,24692224484,595282835,19495697319,5791810000,4375.8241782467585,4370.267400361131,4310.176850504305,4387.734848484848,1181889.0
116,2022-03-05,126,3,133,1,2106758,335867,2362656,79969,8949988220,1421920073,10031740818,340167475,4248.22795024393,4245.959131587501,4233.580771555407,4253.741762432943,-255898.0
117,2022-03-02,98,1,130,1,2785518,100000,2785518,100000,12071743634,430000000,12060243634,441500000,4333.751795536773,4329.623299508386,4300.0,4415.0,0.0
118,2022-02-28,245,2,287,2,9182992,35980,9055586,163386,39546482792,149598464,38988845836,707235420,4306.49213154057,4305.502243145833,4157.822790439132,4328.617017369909,127406.0
119,2022-02-27,273,2,146,1,5416483,339929,5506412,250000,22902408671,1413856374,23239765045,1076500000,4228.280356644708,4220.491500635986,4159.269653368791,4306.0,-89929.0
120,2022-02-26,162,1,143,1,4565780,4000,3969780,600000,18809037128,16336000,16325773128,2499600000,4119.567111862595,4112.513320133609,4084.0,4166.0,596000.0
121,2022-02-23,99,1,75,1,1825381,50000,1675381,200000,7419101578,200000000,6797701578,821400000,4064.4126228990003,4057.4063917401477,4000.0,4107.0,150000.0
122,2022-02-22,48,0,100,1,3320396,0,2520396,800000,13050428903,0,9885538554,3164890349,3930.383274464853,3922.2164112306164,,3956.11293625,800000.0
123,2022-02-21,55,1,44,0,555095,27257,582352,0,2054077238,101639130,2155716368,0,3700.4066655257207,3701.7411599857132,3728.9184429687784,,-27257.0
124,2022-02-20,70,0,63,0,1117730,0,1117730,0,4139759402,0,4139759402,0,3703.720399380888,3703.720399380888,,,0.0
125,2022-02-19,46,0,53,0,647293,0,647293,0,2430787418,0,2430787418,0,3755.312382491391,3755.312382491391,,,0.0
126,2022-02-16,37,1,52,0,838750,66600,905350,0,3185498573,252414000,3437912573,0,3797.9118605067065,3797.3298426023084,3790.0,,-66600.0
127,2022-02-14,80,1,55,0,806504,179988,986492,0,3051734525,676754880,3728489405,0,3783.905008530646,3779.543478304943,3760.0,,-179988.0
128,2022-02-13,31,0,18,0,182012,0,182012,0,689000327,0,689000327,0,3785.466491220359,3785.466491220359,,,0.0
129,2022-02-07,53,1,51,0,526994,500000,1026994,0,2053548130,1945500000,3999048130,0,3896.7201334360543,3893.935242075416,3891.0,,-500000.0
130,2022-02-06,53,0,39,0,517476,0,517476,0,2034476814,0,2034476814,0,3931.5384945388773,3931.5384945388773,,,0.0
131,2022-02-05,78,2,57,0,1472971,205366,1678337,0,5930327680,824817017,6755144697,0,4026.099414041417,4024.903637946372,4016.327030764586,,-205366.0
132,2022-02-02,47,1,49,0,458491,110327,568818,0,1884625781,461640544,2346266325,0,4110.4967840153895,4124.810264443108,4184.293454911309,,-110327.0
133,2022-02-01,66,1,52,0,574593,240000,814593,0,2385707977,1040278589,3425986566,0,4151.996242557776,4205.764800335874,4334.494120833333,,-240000.0
134,2022-01-31,49,1,78,0,665455,471933,1137388,0,2808146357,2000721026,4808867383,0,4219.889184092088,4227.992015917172,4239.417514774343,,-471933.0
135,2022-01-30,48,0,44,0,871602,0,871602,0,3607168785,0,3607168785,0,4138.550376203818,4138.550376203818,,,0.0
136,2022-01-29,37,0,39,1,650279,0,494876,155403,2815753575,0,2142858585,672894990,4330.069977655745,4330.0919523274515,,4330.0,155403.0
137,2022-01-26,57,1,68,0,622662,620000,1242662,0,2568411861,2633891882,5202303743,0,4124.889363731848,4186.4189481934745,4248.212712903226,,-620000.0
138,2022-01-25,20,1,14,0,183237,100000,283237,0,751008147,409300000,1160308147,0,4098.561682411303,4096.598068049019,4093.0,,-100000.0
139,2022-01-24,30,2,52,0,295033,750000,1045033,0,1227138353,3128578120,4355716473,0,4159.325746611396,4168.018113303599,4171.437493333333,,-750000.0
140,2022-01-23,29,1,32,0,330671,150000,480671,0,1383984895,627300000,2011284895,0,4185.383341750562,4184.327523399581,4182.0,,-150000.0
141,2022-01-22,59,1,55,1,611121,40000,601121,50000,2624434492,176644590,2590558242,210520840,4294.459676561597,4309.545402672673,4416.11475,4210.4168,10000.0
142,2022-01-19,59,3,57,0,685115,829114,1514229,0,2948686111,3602008060,6550694171,0,4303.9286995613875,4326.0921373187275,4344.40626982538,,-829114.0
143,2022-01-18,67,2,40,0,822190,220000,1042190,0,3586517907,962090000,4548607907,0,4362.152187450589,4364.470880549612,4373.136363636364,,-220000.0
144,2022-01-17,54,0,42,0,419586,0,419586,0,1871878198,0,1871878198,0,4461.250370603404,4461.250370603404,,,0.0
145,2022-01-16,74,1,49,0,995538,235000,1230538,0,4447670597,1089076466,5536747063,0,4467.605050736386,4499.452323292739,4634.367940425532,,-235000.0
146,2022-01-15,33,0,48,0,278999,0,278999,0,1258987193,0,1258987193,0,4512.51507353073,4512.51507353073,,,0.0
147,2022-01-12,59,0,53,0,684771,0,684771,0,3181091650,0,3181091650,0,4645.482431352963,4645.482431352963,,,0.0
148,2022-01-11,63,0,47,0,1072213,0,1072213,0,4932833775,0,4932833775,0,4600.609930116498,4600.609930116498,,,0.0
149,2022-01-10,72,1,42,0,1216814,100000,1316814,0,5625891566,462000000,6087891566,0,4623.460583129386,4623.197783437904,4620.0,,-100000.0
150,2022-01-09,54,0,11,0,498128,0,498128,0,2331697064,0,2331697064,0,4680.9194905727045,4680.9194905727045,,,0.0
151,2022-01-08,31,2,51,0,300274,165000,465274,0,1445976219,790850620,2236826839,0,4815.522552735169,4807.547464504786,4793.034060606061,,-165000.0
152,2022-01-05,29,2,30,0,280290,105988,386278,0,1362185621,511082280,1873267901,0,4859.915162867031,4849.532981427884,4822.076838887421,,-105988.0
153,2022-01-04,64,1,57,0,967989,290000,1257989,0,4688740502,1410025000,6098765502,0,4843.795231144156,4848.027687046548,4862.1551724137935,,-290000.0
154,2022-01-03,31,1,54,1,355927,10000,315927,50000,1772635857,50200000,1570335857,252500000,4980.335453618298,4970.56553254391,5020.0,5050.0,40000.0
155,2022-01-02,29,0,58,1,595802,0,480802,115000,2997776146,0,2416508352,581267794,5031.497286011125,5025.994800354408,,5054.502556521739,115000.0
156,2022-01-01,39,1,82,1,890632,180000,1048717,21915,4464893854,886000000,5239127354,111766500,5013.174750065123,4995.749429064275,4922.222222222223,5100.0,-158085.0
157,2021-12-29,52,3,63,1,668164,111000,774225,4939,3327122769,551280000,3853287954,25114815,4979.50019605965,4976.961418192386,4966.486486486487,5085.0,-106061.0
158,2021-12-28,43,0,69,0,527550,0,527550,0,2657533448,0,2657533448,0,5037.500612264241,5037.500612264241,,,0.0
159,2021-12-27,70,1,123,1,1272090,27604,1199694,100000,6401191991,139988742,6038180733,503000000,5032.027601034518,5033.100718183136,5071.320895522388,5030.0,72396.0
160,2021-12-26,54,2,68,1,889575,175169,945944,118800,4312244831,845165594,4576300425,581110000,4847.533744765759,4837.81325850156,4824.858245465807,4891.498316498317,-56369.0
161,2021-12-25,56,1,69,0,382612,86689,469301,0,1858926711,418706530,2277633241,0,4858.516489289411,4853.246085135126,4829.984542444831,,-86689.0
162,2021-12-22,49,1,102,2,1747623,137338,1374961,510000,8553098540,670427090,6737742120,2485783510,4894.132510272524,4900.315078027667,4881.584776245468,4874.08531372549,372662.0
163,2021-12-21,64,1,86,2,713576,100000,763533,50043,3347531550,470000000,3586373250,231158300,4691.205351637387,4697.076943629156,4700.0,4619.193493595508,-49957.0
164,2021-12-20,109,2,87,1,922590,3305000,977590,3250000,4325071990,15434799720,4582371710,15177500000,4687.967558720558,4687.416718665289,4670.136072617247,4670.0,-55000.0
165,2021-12-19,48,1,44,0,1045330,100000,1145330,0,4977216940,475000000,5452216940,0,4761.383429156343,4760.389529655208,4750.0,,-100000.0
166,2021-12-18,95,1,76,1,1287913,30000,1285681,32232,6298875010,145200000,6282915010,161160000,4890.761262600812,4886.838189255344,4840.0,5000.0,2232.0
167,2021-12-15,60,2,55,1,1158766,134893,1140116,153543,5742435620,669132660,5653065860,758502420,4955.647317922687,4958.325170421255,4960.469853884189,4940.0,18650.0
168,2021-12-14,22,0,1,0,101837,0,101837,0,504093150,0,504093150,0,4950.0,4950.0,,,0.0
169,2021-12-13,24,3,1,1,94693,250160,24000,320853,471571140,1245796800,119520000,1597847940,4980.0,4980.0,4980.0,4980.0,70693.0
170,2021-12-12,40,1,6,1,273919,40000,128315,185604,1376000400,200400000,642960630,933439770,5023.384285135387,5010.798659548766,5010.0,5029.200717656947,145604.0
171,2021-12-11,38,2,50,0,260375,150000,410375,0,1358250610,792105540,2150356150,0,5216.516985117619,5239.978434358818,5280.7036,,-150000.0
172,2021-12-08,61,0,69,1,1141026,0,1091026,50000,5996147700,0,5726147700,270000000,5255.0491399845405,5248.406270794647,,5400.0,50000.0
173,2021-12-07,62,0,86,1,1050757,0,947182,103575,5536189480,0,4984754480,551435000,5268.762882379085,5262.720870962497,,5324.01641322713,103575.0
174,2021-12-06,61,2,66,1,530755,60000,570755,20000,2767984240,313000000,2974184240,106800000,5215.182598374015,5210.964844810821,5216.666666666667,5340.0,-40000.0
175,2021-12-05,104,3,102,1,1317847,250000,1527847,40000,6982093180,1296137420,8066610660,211619940,5298.106062388122,5279.724121590709,5184.54968,5290.4985,-210000.0
176,2021-12-04,57,2,65,0,446970,125000,571970,0,2363059680,666780000,3029839680,0,5286.841801463185,5297.200342675315,5334.24,,-125000.0
177,2021-12-01,90,4,90,2,891671,952918,1839889,4700,4780913910,5169098300,9924099210,25913000,5361.746552259746,5393.857569668605,5424.494342640185,5513.404255319149,-948218.0
178,2021-11-30,39,2,56,0,346529,70000,416529,0,1908637620,387645790,2296283410,0,5507.872703294674,5512.901646704071,5537.797,,-70000.0
179,2021-11-29,70,2,55,0,500298,170000,670298,0,2759498650,948296110,3707794760,0,5515.709936877621,5531.561723293222,5578.212411764706,,-170000.0
180,2021-11-28,59,1,55,0,639128,225000,864128,0,3556375030,1248618480,4804993510,0,5564.4175032231415,5560.511301566435,5549.415466666666,,-225000.0
181,2021-11-27,68,1,87,0,1176413,50000,1226413,0,6688548010,278000000,6966548010,0,5685.544115884472,5680.425770111699,5560.0,,-50000.0
182,2021-11-24,77,0,113,1,1260839,0,1248297,12542,7326166490,0,7252419530,73746960,5810.5487615786,5809.850964954654,,5880.0,12542.0
183,2021-11-23,74,0,94,1,1097528,0,1069546,27982,6339244040,0,6177508080,161735960,5775.929215473318,5775.822713562577,,5780.0,27982.0
184,2021-11-22,71,0,92,1,1427854,0,1397854,30000,8246745150,0,8072688130,174057020,5775.622122429884,5775.058146272787,,5801.900666666666,30000.0
185,2021-11-21,85,2,86,0,1106210,118000,1224210,0,6169787720,662499660,6832287380,0,5577.41090751304,5580.976613489515,5614.403898305085,,-118000.0
186,2021-11-20,65,2,77,0,601702,102000,703702,0,3391042250,575140000,3966182250,0,5635.7503382072855,5636.167369142052,5638.6274509803925,,-102000.0
187,2021-11-17,100,1,96,1,868336,50000,903694,14642,4940656490,288910720,5143765090,85802120,5689.798062040501,5691.9323244372545,5778.2144,5860.0,-35358.0
188,2021-11-16,95,2,82,0,1206528,42289,1248817,0,6777167950,238337070,7015505020,0,5617.083026668258,5617.720626801205,5635.911702806877,,-42289.0
189,2021-11-15,98,2,66,0,917080,530000,1447080,0,5272007560,3026000000,8298007560,0,5748.688838487373,5734.311551538271,5709.433962264151,,-530000.0
190,2021-11-14,111,2,112,1,1323295,123991,1247286,200000,7866117760,729241080,7410962780,1184396060,5944.341783200269,5941.67077959666,5881.403327660879,5921.9803,76009.0
191,2021-11-13,119,2,97,0,1308315,53685,1362000,0,7881554920,326704650,8208259570,0,6024.202825772081,6026.6222980910425,6085.585359038838,,-53685.0
192,2021-11-10,128,2,163,1,3528900,220000,3148900,600000,21507142430,1346400000,19177542430,3676000000,6094.574068406586,6090.2354568261935,6120.0,6126.666666666667,380000.0
193,2021-11-09,77,0,171,1,3012202,0,2412202,600000,17587758330,0,14025758330,3562000000,5838.837611156224,5814.5040630925605,,5936.666666666667,600000.0
194,2021-11-08,77,0,82,0,1243126,0,1243126,0,6962549960,0,6962549960,0,5600.840107921482,5600.840107921482,,,0.0
195,2021-11-07,91,1,102,1,1534096,300000,1667174,166922,8736792350,1689665280,9503483380,922974250,5695.075373379502,5700.354839986708,5632.2176,5529.374498268652,-133078.0
196,2021-11-06,98,1,139,1,1914286,1000000,2177227,737059,11090692040,5815854470,12602121950,4304424560,5793.644230799368,5788.152521533125,5815.85447,5840.0,-262941.0
197,2021-11-03,137,0,139,0,2233581,0,2233581,0,12443987800,0,12443987800,0,5571.317001711601,5571.317001711601,,,0.0
198,2021-11-02,106,0,121,1,1117607,0,1052959,64648,6140618880,0,5785944490,354674390,5494.434877376394,5494.938065014877,,5486.239172132162,64648.0
199,2021-11-01,128,1,123,0,1828765,40000,1868765,0,10106463040,218600000,10325063040,0,5526.386955130922,5525.072997407378,5465.0,,-40000.0
200,2021-10-31,51,1,28,0,630165,350000,980165,0,3450277950,1914500000,5364777950,0,5475.19768632025,5473.341682267782,5470.0,,-350000.0
201,2021-10-30,86,1,106,0,876596,652500,1529096,0,4971641390,3667050000,8638691390,0,5671.531001738544,5649.541552655948,5620.0,,-652500.0
202,2021-10-27,72,1,88,1,1094119,114648,1158767,50000,6391573140,664954880,6762428820,294099200,5841.753173100915,5835.883158564233,5799.969297327472,5881.984,-64648.0
203,2021-10-26,76,1,99,0,889587,50000,939587,0,5223314120,297874350,5521188470,0,5871.616963827034,5876.18652663351,5957.487,,-50000.0
204,2021-10-25,119,3,160,1,2248399,1350000,3459205,139194,13525010250,8092500000,20783738190,833772060,6015.395955077368,6008.241254854801,5994.444444444444,5990.0,-1210806.0
205,2021-10-23,302,2,353,2,5755606,999068,5868018,886656,36280688330,6301867330,36961742400,5620813260,6303.539250254447,6298.846118058943,6307.746149411251,6339.339337916847,-112412.0
206,2021-10-20,127,3,282,2,4771667,931376,4197773,1505270,28983536860,5568467080,25346832540,9205171400,6074.090430032104,6038.161791978747,5978.753027778255,6115.295860543291,573894.0
207,2021-10-19,113,1,113,0,833770,46000,879770,0,4850218590,273883750,5124102340,0,5817.214087817983,5824.365845618741,5953.994565217391,,-46000.0
208,2021-10-18,121,3,188,1,1450390,2074331,3381999,142722,8504449900,12194005460,19844977800,853477560,5863.560766414551,5867.824857428994,5878.524430286198,5980.0,-1931609.0
209,2021-10-17,173,3,277,1,2256722,2844334,4951056,150000,12789915350,16345397040,28269812390,865500000,5667.4749260210165,5709.855107678039,5746.651778588591,5770.0,-2694334.0
210,2021-10-16,207,1,137,0,2328947,45178,2374125,0,12873062250,250497900,13123560150,0,5527.417433715752,5527.7460748696885,5544.687679844172,,-45178.0
211,2021-10-13,124,1,98,0,1760426,200000,1960426,0,9848992050,1114000000,10962992050,0,5594.664047224933,5592.147854598949,5570.0,,-200000.0
212,2021-10-12,119,2,128,3,1929931,317584,2224873,22642,11292351890,1832459680,12992433730,132377840,5851.168715358218,5839.6293765981245,5770.0,5846.561257839414,-294942.0
213,2021-10-11,197,1,161,0,2115705,150000,2265705,0,12829434490,900000000,13729434490,0,6063.905171089542,6059.674357429586,6000.0,,-150000.0
214,2021-10-10,201,0,206,1,4504221,0,3674221,830000,27594082430,0,22524307430,5069775000,6126.2718747592535,6130.362716341777,,6108.1626506024095,830000.0
215,2021-10-09,179,2,121,1,1591131,304361,1894492,1000,9315376270,1786619150,11096075420,5920000,5854.562741848408,5857.018884218039,5870.065974287113,5920.0,-303361.0
216,2021-10-06,132,0,146,4,1487105,0,1423056,64049,8996148660,0,8609485430,386663230,6049.437437168189,6049.997631857073,,6036.99089759403,64049.0
217,2021-10-04,232,2,146,0,3019630,90000,3109630,0,18151801750,544220280,18696022030,0,6011.2668605094,6012.2979357672775,6046.892,,-90000.0
218,2021-10-03,182,1,170,1,2401090,200000,2584687,16403,14763213550,1226000000,15888827190,100386360,6148.546514291426,6147.292569661239,6130.0,6120.0,-183597.0
219,2021-10-02,329,2,225,0,3854563,638160,4492723,0,24760091470,4087960800,28848052270,0,6423.57939667869,6421.061852689338,6405.855584806318,,-638160.0
220,2021-09-29,307,0,275,1,4560001,0,4060001,500000,30585804300,0,27220804300,3365000000,6707.41175276058,6704.629949598535,,6730.0,500000.0
221,2021-09-28,100,1,180,1,2874247,70000,2454247,490000,18408198030,452200000,15710998030,3149400000,6404.528918356704,6401.555356897656,6460.0,6427.34693877551,420000.0
222,2021-09-26,198,1,155,0,2157904,129878,2287782,0,13314839460,786359460,14101198920,0,6170.264970082079,6163.698691571138,6054.600933183449,,-129878.0
223,2021-09-25,398,5,188,1,3724419,455000,4164419,15000,23198590050,2827988260,25933728310,92850000,6228.78093200577,6227.454132257105,6215.358813186813,6190.0,-440000.0
224,2021-09-22,244,2,141,0,3478913,300000,3778913,0,22545298260,1941000000,24486298260,0,6480.558226089586,6479.720030601393,6470.0,,-300000.0
225,2021-09-21,186,3,120,0,2179164,710000,2889164,0,14850938150,4829640000,19680578150,0,6814.970396904501,6811.859122569712,6802.30985915493,,-710000.0
226,2021-09-20,162,3,125,0,1579104,318515,1897619,0,11293609970,2258105900,13551715870,0,7151.910178176991,7141.4313779531085,7089.480558215469,,-318515.0
227,2021-09-19,132,1,142,0,1377852,322390,1700242,0,10056559270,2333431900,12389991170,0,7298.722409954044,7287.1927466795905,7237.916498650702,,-322390.0
228,2021-09-18,143,2,117,0,2637975,760000,3397975,0,20027609000,5743200000,25770809000,0,7592.038969285152,7584.166746371,7556.8421052631575,,-760000.0
229,2021-09-15,136,4,347,0,1755414,115324,1870738,0,13926721300,918161860,14844883160,0,7933.582220490437,7935.308503916636,7961.585272796642,,-115324.0
230,2021-09-14,206,1,309,0,3128921,10000,3138921,0,25274284880,80300000,25354584880,0,8077.635990170414,8077.484231046274,8030.0,,-10000.0
231,2021-09-13,236,1,322,2,6418654,318691,5037345,1700000,50816565820,2485789800,39754855620,13547500000,7917.01279115528,7892.025584906334,7800.0,7969.117647058823,1381309.0
232,2021-09-12,272,3,195,0,3127629,520000,3647629,0,23834643590,3933200000,27767843590,0,7620.674827481137,7612.5734250933965,7563.846153846154,,-520000.0
233,2021-09-11,232,2,240,0,2994920,371931,3366851,0,23807290760,2946341350,26753632110,0,7949.2242731024535,7946.1883255302955,7921.741801570722,,-371931.0
234,2021-09-08,191,2,378,0,2963880,120000,3083880,0,24058942570,968500000,25027442570,0,8117.380788021107,8115.569532536934,8070.833333333333,,-120000.0
235,2021-09-06,321,3,346,0,4404629,1500000,5904629,0,36890872950,12443000000,49333872950,0,8375.477923339287,8355.118153909416,8295.333333333334,,-1500000.0
236,2021-09-04,448,3,492,2,9908825,1467040,10527762,848103,83570907570,12201984700,88510649560,7262242710,8433.98763930133,8407.356621473777,8317.417861816992,8562.925387600328,-618937.0
237,2021-09-01,308,2,237,0,3547782,257564,3805346,0,29017797140,2085340200,31103137340,0,8179.13759639121,8173.537265730895,8096.39623549875,,-257564.0
238,2021-08-31,445,1,451,2,7870037,200000,7457389,612648,63223381470,1596000000,59852335790,4967045680,8033.428746268918,8025.910380965778,7980.0,8107.503297162481,412648.0
239,2021-08-30,261,3,278,0,4309454,705689,5015143,0,33528039330,5396768120,38924807450,0,7780.113056085527,7761.455146941971,7647.516285502537,,-705689.0
240,2021-08-29,430,3,485,0,5112756,3304260,8417016,0,41376491910,26186982240,67563474150,0,8092.796118179705,8027.0103027011,7925.218427121353,,-3304260.0
241,2021-08-28,434,2,333,2,4406687,840376,5120693,126370,36472372850,6940015040,42361223030,1051164860,8276.597101178277,8272.556669575779,8258.226127352518,8318.15193479465,-714006.0
242,2021-08-25,620,1,453,1,8589212,570709,7759921,1400000,70130082910,4652744570,63274827480,11508000000,8164.903009728949,8154.055625050822,8152.569120164567,8220.0,829291.0
243,2021-08-24,206,1,218,1,4221923,200000,3421923,1000000,33050060730,1568000000,26778060730,7840000000,7828.200734594165,7825.442223568444,7840.0,7840.0,800000.0
244,2021-08-23,210,2,201,0,2270563,1151536,3422099,0,16967650430,8609084970,25576735400,0,7472.8824657144505,7473.99049530712,7476.17527372136,,-1151536.0
245,2021-08-22,278,2,296,0,3322747,776121,4098868,0,24634927780,5748870240,30383798020,0,7414.02453451918,7412.729080321689,7407.182952142772,,-776121.0
246,2021-08-15,240,2,230,0,2204849,1391150,3595999,0,16431223300,10366932800,26798156100,0,7452.312289866562,7452.214558457886,7452.05966286885,,-1391150.0
247,2021-08-14,318,1,325,1,4376960,519609,4696569,200000,33179218580,3921168150,35582386730,1518000000,7580.425359153385,7576.251244259373,7546.38227975266,7590.0,-319609.0
248,2021-08-11,181,2,215,0,2001513,508097,2509610,0,14740150200,3725737280,18465887480,0,7364.50385283533,7358.070568733788,7332.728356986953,,-508097.0
249,2021-08-10,167,1,195,1,2317379,1115838,3333217,100000,16845635120,8125933510,24244068630,727500000,7269.262006775758,7273.474433257721,7282.359545023561,7275.0,-1015838.0
250,2021-08-09,162,2,191,2,1742786,139233,1701251,180768,12598783610,999609660,12286183100,1312210170,7229.105357743291,7221.852095898841,7179.401865936955,7259.08440653213,41535.0
251,2021-08-08,137,1,132,0,1516541,261624,1778165,0,10755833910,1852152290,12607986200,0,7092.3462735264,7090.447849327818,7079.443361465309,,-261624.0
252,2021-08-07,134,1,163,1,2042804,200000,2167192,75612,14613801690,1420000000,15492452370,541349320,7153.795317612458,7148.629364634052,7100.0,7159.568851505052,-124388.0
253,2021-08-04,215,2,199,1,4112786,924287,4937073,100000,28941960070,6485574900,34730357170,697177800,7037.069293174992,7034.604748603069,7016.840981210382,6971.778,-824287.0
254,2021-08-03,154,2,145,1,1730789,754384,2482874,2299,12433678840,5398995240,17816331180,16342900,7183.821274574775,7175.688810628329,7156.826284756835,7108.699434536755,-752085.0
255,2021-08-02,110,1,194,0,2293926,130000,2423926,0,16539210220,937400000,17476610220,0,7210.001639111288,7210.04280658733,7210.7692307692305,,-130000.0
256,2021-08-01,133,2,192,0,2280643,536896,2817539,0,16522703330,3896614800,20419318130,0,7244.75655769009,7247.217564690321,7257.671504350936,,-536896.0
257,2021-07-31,137,2,198,2,2301225,300000,2489225,112000,16637033540,2197466900,18008340440,826160000,7229.642273137133,7234.516944028764,7324.889666666667,7376.428571428572,-188000.0
258,2021-07-28,162,2,181,0,1828075,400538,2228613,0,13007359760,2857977850,15865337610,0,7115.331570094225,7118.92895267146,7135.347582501536,,-400538.0
259,2021-07-27,169,2,217,0,1722696,1142548,2865244,0,12556373720,8295511830,20851885550,0,7288.792520560795,7277.525247413484,7260.536826461558,,-1142548.0
260,2021-07-26,266,1,311,2,3182720,788571,3858291,113000,24100611030,5973639600,29229655630,844595000,7572.331537175749,7575.803802771746,7575.271725691156,7474.29203539823,-675571.0
261,2021-07-19,232,2,186,2,2278778,550000,2774716,54062,16814588020,4040000000,20450029220,404558800,7378.774071015255,7370.134175894037,7345.454545454545,7483.237764048685,-495938.0
262,2021-07-18,316,2,223,0,2847644,841754,3689398,0,20764685640,6130654760,26895340400,0,7291.882566781522,7289.899436168177,7283.190528349138,,-841754.0
263,2021-07-17,438,2,336,3,4741100,794806,5495323,40583,36145336490,6011680440,41846841180,310175750,7623.8291725548925,7614.992090546816,7563.707923694587,7642.997067737722,-754223.0
264,2021-07-14,242,2,430,1,7239664,2390814,8630478,1000000,54545341620,18159140410,65117982030,7586500000,7534.236619268519,7545.118825399937,7595.37982042936,7586.5,-1390814.0
265,2021-07-13,214,1,243,0,3025167,40000,3065167,0,21899415870,290671260,22190087130,0,7239.076675766991,7239.438219842507,7266.7815,,-40000.0
266,2021-07-12,219,1,253,0,2674907,825000,3499907,0,19588537360,6028241300,25616778660,0,7323.072301205239,7319.274100711819,7306.9591515151515,,-825000.0
267,2021-07-11,271,3,275,1,3493871,736625,4155496,75000,25691850060,5417727310,30550827370,558750000,7353.405452004381,7351.908742061116,7354.796959104022,7450.0,-661625.0
268,2021-07-10,278,1,238,1,2690874,113891,2704765,100000,19730498640,820709750,19806208390,745000000,7332.375518140203,7322.709510807778,7206.098374761834,7450.0,-13891.0
269,2021-07-07,305,0,262,0,3982335,0,3982335,0,28988393270,0,28988393270,0,7279.245284487619,7279.245284487619,,,0.0
270,2021-07-06,468,0,402,3,7675884,0,5625105,2050779,55487047520,0,40629882690,14857164830,7228.750137443452,7222.955427498687,,7244.64451313379,2050779.0
271,2021-07-05,506,3,346,0,6912953,840000,7752953,0,48275794780,5834110330,54109905110,0,6983.382467666133,6979.263915310721,6945.369440476191,,-840000.0
272,2021-07-04,250,3,300,2,3055417,567307,3507724,115000,22166158260,4062894890,25386229500,842823650,7254.70803494253,7237.23688066678,7161.721766168935,7328.901304347826,-452307.0
273,2021-07-03,456,0,395,2,6855118,0,6177417,677701,50632819760,0,45606514370,5026305390,7386.133945469647,7382.780597456834,,7416.70056558866,677701.0
274,2021-06-30,482,2,442,0,5818164,217000,6035164,0,41900135830,1564049790,43464185620,0,7201.607900705446,7201.823450033835,7207.602718894009,,-217000.0
275,2021-06-29,570,3,519,2,7253069,229509,7056469,426109,54215195380,1697423470,52778527710,3134091140,7474.79382589632,7479.452926102276,7395.890662239825,7355.139506558181,196600.0
276,2021-06-28,753,1,566,1,7524882,500000,7924882,100000,58191227160,3814346880,61214074040,791500000,7733.174707590099,7724.288391928107,7628.69376,7915.0,-400000.0
277,2021-06-27,1621,2,1047,1,36293149,2000000,36758474,1534675,282009667830,15196000000,284928880830,12276787000,7770.327888329558,7751.379473206641,7598.0,7999.600566895271,-465325.0
278,2021-06-26,119,1,22,1,1336529,1800000,3135422,1107,10638770840,14328000000,24957959120,8811720,7960.0,7960.0,7960.0,7960.0,-1798893.0
279,2021-06-23,21,1,17,0,100044,1700000,1800044,0,837368280,14229000000,15066368280,0,8370.0,8370.0,8370.0,,-1700000.0
280,2021-06-22,12,0,1,0,46395,0,46395,0,388790100,0,388790100,0,8380.0,8380.0,,,0.0
281,2021-06-21,7,0,1,0,16110,0,16110,0,135001800,0,135001800,0,8380.0,8380.0,,,0.0
282,2021-06-20,2,0,1,0,1941,0,1941,0,16265580,0,16265580,0,8380.0,8380.0,,,0.0
283,2021-06-19,2,0,1,0,2154,0,2154,0,18050520,0,18050520,0,8380.0,8380.0,,,0.0
284,2021-06-16,5,1,5,0,7784,100000,107784,0,65463440,841000000,906463440,0,8410.0,8410.0,8410.0,,-100000.0
285,2021-06-15,37,1,12,2,566138,1000000,1355083,211055,5010321300,8850000000,11992484550,1867836750,8850.0,8850.0,8850.0,8850.0,-788945.0
286,2021-06-14,1,1,1,0,987,75000,75987,0,9238320,702000000,711238320,0,9360.0,9360.0,9360.0,,-75000.0
287,2021-06-13,1,0,1,0,550,0,550,0,5148000,0,5148000,0,9360.0,9360.0,,,0.0
288,2021-06-08,3,0,1,0,7067,0,7067,0,66147120,0,66147120,0,9360.0,9360.0,,,0.0
289,2021-06-07,5,0,1,0,17511,0,17511,0,164078070,0,164078070,0,9370.0,9370.0,,,0.0
290,2021-06-02,1,0,1,0,924,0,924,0,8657880,0,8657880,0,9370.0,9370.0,,,0.0
291,2021-06-01,2,0,1,0,2780,0,2780,0,26048600,0,26048600,0,9370.0,9370.0,,,0.0
292,2021-05-31,1,0,1,0,550,0,550,0,5153500,0,5153500,0,9370.0,9370.0,,,0.0
293,2021-05-30,4,0,1,0,9164,0,9164,0,85866680,0,85866680,0,9370.0,9370.0,,,0.0
294,2021-05-29,6,0,1,0,5304,0,5304,0,49698480,0,49698480,0,9370.0,9370.0,,,0.0
295,2021-05-24,1,0,1,0,10800,0,10800,0,101196000,0,101196000,0,9370.0,9370.0,,,0.0
296,2021-05-23,2,0,1,0,2482,0,2482,0,23256340,0,23256340,0,9370.0,9370.0,,,0.0
297,2021-05-22,4,1,2,0,3535,120000,123535,0,33264350,1129200000,1162464350,0,9410.0,9410.0,9410.0,,-120000.0
298,2021-05-19,13,0,19,0,0,0,0,0,0,0,0,0,,,,,0.0
299,2021-05-15,5,0,1,0,8204,0,8204,0,77938000,0,77938000,0,9500.0,9500.0,,,0.0
300,2021-05-12,2,0,1,0,1040,0,1040,0,10088000,0,10088000,0,9700.0,9700.0,,,0.0
301,2021-05-11,2,0,1,0,7059,0,7059,0,68472300,0,68472300,0,9700.0,9700.0,,,0.0
302,2021-05-10,1,0,1,0,11900,0,11900,0,115430000,0,115430000,0,9700.0,9700.0,,,0.0
303,2021-05-09,3,0,1,0,12201,0,12201,0,118349700,0,118349700,0,9700.0,9700.0,,,0.0
304,2021-05-08,3,1,2,0,4233,150000,154233,0,41060100,1455000000,1496060100,0,9700.0,9700.0,9700.0,,-150000.0
305,2021-05-05,1,0,1,0,550,0,550,0,5335000,0,5335000,0,9700.0,9700.0,,,0.0
306,2021-05-03,1,0,1,0,850,0,850,0,8245000,0,8245000,0,9700.0,9700.0,,,0.0
307,2021-05-02,1,0,1,0,600,0,600,0,5820000,0,5820000,0,9700.0,9700.0,,,0.0
308,2021-05-01,2,0,1,0,1466,0,1466,0,14220200,0,14220200,0,9700.0,9700.0,,,0.0
309,2021-04-28,3,0,1,0,1071,0,1071,0,10388700,0,10388700,0,9700.0,9700.0,,,0.0
310,2021-04-27,1,0,1,0,3000,0,3000,0,29100000,0,29100000,0,9700.0,9700.0,,,0.0
311,2021-04-26,1,0,1,0,1011,0,1011,0,9806700,0,9806700,0,9700.0,9700.0,,,0.0
312,2021-04-25,2,0,1,0,2779,0,2779,0,26956300,0,26956300,0,9700.0,9700.0,,,0.0
313,2021-04-24,4,0,1,0,16329,0,16329,0,158391300,0,158391300,0,9700.0,9700.0,,,0.0
314,2021-04-21,2,0,1,0,1350,0,1350,0,13095000,0,13095000,0,9700.0,9700.0,,,0.0
315,2021-04-20,3,0,1,0,3037,0,3037,0,29762600,0,29762600,0,9800.0,9800.0,,,0.0
316,2021-04-19,1,0,1,0,2037,0,2037,0,19962600,0,19962600,0,9800.0,9800.0,,,0.0
317,2021-04-18,1,0,1,0,3685,0,3685,0,36113000,0,36113000,0,9800.0,9800.0,,,0.0
318,2021-04-17,1,0,1,0,1000,0,1000,0,9800000,0,9800000,0,9800.0,9800.0,,,0.0
319,2021-04-14,5,0,1,0,12993,0,12993,0,127331400,0,127331400,0,9800.0,9800.0,,,0.0
320,2021-04-13,5,0,1,0,6367,0,6367,0,62396600,0,62396600,0,9800.0,9800.0,,,0.0
321,2021-04-12,3,0,1,0,7290,0,7290,0,71442000,0,71442000,0,9800.0,9800.0,,,0.0
322,2021-04-11,4,0,1,0,4373,0,4373,0,42855400,0,42855400,0,9800.0,9800.0,,,0.0
323,2021-04-10,1,0,1,0,511,0,511,0,5007800,0,5007800,0,9800.0,9800.0,,,0.0
324,2021-04-06,4,0,1,0,7351,0,7351,0,72039800,0,72039800,0,9800.0,9800.0,,,0.0
325,2021-04-05,7,0,1,0,12218,0,12218,0,119736400,0,119736400,0,9800.0,9800.0,,,0.0
326,2021-04-04,3,0,1,0,37361,0,37361,0,366137800,0,366137800,0,9800.0,9800.0,,,0.0
327,2021-04-03,5,0,1,0,14854,0,14854,0,145569200,0,145569200,0,9800.0,9800.0,,,0.0
328,2021-03-31,15,0,1,0,43291,0,43291,0,424251800,0,424251800,0,9800.0,9800.0,,,0.0
329,2021-03-30,15,0,2,0,79861,0,79861,0,782637800,0,782637800,0,9800.0,9800.0,,,0.0
330,2021-03-28,10,0,1,0,29515,0,29515,0,289247000,0,289247000,0,9800.0,9800.0,,,0.0
331,2021-03-27,28,0,2,0,112733,0,112733,0,1104783400,0,1104783400,0,9800.0,9800.0,,,0.0
332,2021-03-17,18,0,1,0,25593,0,25593,0,250811400,0,250811400,0,9800.0,9800.0,,,0.0
333,2021-03-16,34,0,2,0,96083,0,96083,0,941613400,0,941613400,0,9800.0,9800.0,,,0.0
334,2021-03-15,13,1,1,0,19351,27000,46351,0,189639800,264600000,454239800,0,9800.0,9800.0,9800.0,,-27000.0
335,2021-03-14,9,0,2,0,64893,0,64893,0,635951400,0,635951400,0,9800.0,9800.0,,,0.0
336,2021-03-13,7,0,2,0,117259,0,117259,0,1149138200,0,1149138200,0,9800.0,9800.0,,,0.0
337,2021-03-10,10,0,1,0,17762,0,17762,0,174067600,0,174067600,0,9800.0,9800.0,,,0.0
338,2021-03-09,14,0,1,0,21031,0,21031,0,206103800,0,206103800,0,9800.0,9800.0,,,0.0
339,2021-03-08,23,0,2,0,102872,0,102872,0,1008145600,0,1008145600,0,9800.0,9800.0,,,0.0
340,2021-03-07,13,0,2,0,25970,0,25970,0,254506000,0,254506000,0,9800.0,9800.0,,,0.0
341,2021-03-06,12,0,1,0,14941,0,14941,0,146421800,0,146421800,0,9800.0,9800.0,,,0.0
342,2021-03-03,13,0,1,0,12543,0,12543,0,122921400,0,122921400,0,9800.0,9800.0,,,0.0
343,2021-03-02,11,0,1,0,64021,0,64021,0,627405800,0,627405800,0,9800.0,9800.0,,,0.0
344,2021-03-01,13,1,3,0,118588,2300,120888,0,1162162400,22540000,1184702400,0,9800.0,9800.0,9800.0,,-2300.0
345,2021-02-28,9,1,6,0,64852,239000,303852,0,636198120,2344590000,2980788120,0,9810.0,9810.0,9810.0,,-239000.0
346,2021-02-27,16,1,26,0,153118,400000,553118,0,1505149940,3932000000,5437149940,0,9830.0,9830.0,9830.0,,-400000.0
347,2021-02-24,54,1,97,0,814870,700000,1514870,0,8129987640,6978200000,15108187640,0,9977.036386172027,9973.256873527102,9968.857142857143,,-700000.0
348,2021-02-23,1056,3,945,2,17718931,1220000,18620491,318440,179010822380,12309392160,187962835740,3357378800,10102.800354039417,10094.408130268961,10089.665704918032,10543.206883557343,-901560.0
349,2021-02-22,24,0,232,3,2334835,0,1324767,1010068,23418395050,0,13287413010,10130982040,10030.0,10030.0,,10030.0,1010068.0
350,2021-02-21,55,1,181,1,2424954,700,1775654,650000,23011085620,6342000,16914662460,6102765160,9489.287475143858,9525.877485140687,9060.0,9388.869476923077,649300.0
351,2021-02-13,1305,4,759,2,8801262,350440,8915553,236149,167473066030,6634430800,169502957080,4604539750,19028.301399276603,19012.051981520384,18931.716699006964,19498.451189714968,-114291.0
352,2021-02-09,1000,5,890,2,9749984,5061677,14394161,417500,187755122430,97910738360,277352860790,8313000000,19256.967235023156,19268.428412743197,19343.537400746827,19911.377245508982,-4644177.0
353,2021-02-08,1089,1,599,3,11838398,232500,11251945,818953,237858563660,4891800000,226234034900,16516328760,20092.124260394015,20106.21584979308,21040.0,20167.61494249365,586453.0
354,2021-02-07,446,4,538,1,3623103,2300000,5323103,600000,76099242990,48547640000,111764328850,12882554140,21003.886168844772,20996.08608926034,21107.66956521739,21470.92356666667,-1700000.0
355,2021-02-06,72,0,79,0,397612,0,397612,0,8076200520,0,8076200520,0,20311.76252225788,20311.76252225788,,,0.0
356,2021-02-03,230,2,146,1,922064,865000,1751378,35686,19638066500,18324600000,37182468700,780197800,21297.94298443492,21230.40754194697,21184.50867052023,21862.853780193913,-829314.0
357,2021-02-02,670,2,582,1,4816839,766872,5553711,30000,107146562520,17188190900,123620753420,714000000,22244.165212912452,22259.126090644615,22413.376547846317,23800.0,-736872.0
358,2021-02-01,766,3,648,4,6986640,328699,6298917,1016422,161724193190,7782101040,145574126250,23932167980,23147.635084962156,23110.977053674465,23675.463083246374,23545.503717943924,687723.0
359,2021-01-31,101,2,13,0,478943,200000,678943,0,10833690660,4524000000,15357690660,0,22620.0,22620.0,22620.0,,-200000.0
360,2021-01-30,365,1,263,1,2584930,100000,2495430,189500,61562482590,2355325000,59292957590,4624850000,23815.918647700324,23760.61744468889,23553.25,24405.540897097624,89500.0
361,2021-01-27,133,1,58,0,592688,140000,732688,0,14218597570,3358600000,17577197570,0,23990.021005993036,23990.016992225886,23990.0,,-140000.0
362,2021-01-26,194,1,276,0,1426395,650000,2076395,0,36136282020,16297717440,52433999460,0,25333.99375348343,25252.42040170584,25073.411446153845,,-650000.0
363,2021-01-25,611,1,552,1,3333858,400,3234258,100000,87963130880,10304000,85263434880,2710000000,26384.786298636594,26362.595340260425,25760.0,27100.0,99600.0
364,2021-01-24,636,2,786,3,6909798,700000,7457048,152750,181839475550,18251728050,196000511100,4090692500,26316.178208103913,26283.9277821465,26073.897214285713,26780.310965630113,-547250.0
365,2021-01-23,1017,3,1260,2,10397995,461290,10050031,809254,266147821540,11056413400,256341594340,20862640600,25596.071313748467,25506.547625574487,23968.46539053524,25780.08956396879,347964.0
366,2021-01-20,575,1,634,2,5082831,190925,4629114,644642,128289341270,4696670000,117168197900,15817813370,25239.741645944945,25311.149801020238,24599.554799004844,24537.360845244337,453717.0
367,2021-01-19,1297,3,1330,2,13389869,1316049,14051893,654025,334641728710,32726884250,350885672490,16482940470,24992.158527465803,24970.70483599612,24867.52715894317,25202.309498872368,-662024.0
368,2021-01-18,2094,2,1882,5,21174163,1263083,21832746,604500,552695069290,32227795760,569076304840,15846560210,26102.333739945236,26065.2647559771,25515.184481146527,26214.32623655914,-658583.0
369,2021-01-16,532,2,700,2,10911185,1300000,12160185,51000,275529203720,32370000000,306639503720,1259700000,25251.996343201954,25216.68080872125,24900.0,24700.0,-1249000.0
370,2021-01-11,35,1,388,1,3017791,100000,2627182,490609,86399356330,2863000000,75216220660,14046135670,28630.0,28630.0,28630.0,28630.0,390609.0
371,2021-01-10,28,1,281,1,1590072,200000,1140072,650000,43583873520,5482000000,31249373520,17816500000,27410.0,27410.0,27410.0,27410.0,450000.0
372,2021-01-09,56,0,242,1,2212526,0,1562526,650000,57769053860,0,40797553860,16971500000,26110.0,26110.0,,26110.0,650000.0
373,2021-01-06,140,1,276,2,6339296,100000,789296,5650000,157658291520,2487000000,19629791520,140515500000,24870.0,24870.0,24870.0,24870.0,5550000.0
374,2021-01-05,121,1,172,2,13216025,20000,346025,12890000,313087632250,473800000,8197332250,305364100000,23690.0,23690.0,23690.0,23690.0,12870000.0
375,2021-01-04,89,0,249,0,942784,0,942784,0,21837947410,0,21837947410,0,23163.256281396374,23163.256281396374,,,0.0
376,2021-01-03,668,2,900,2,5799729,1050000,6149729,700000,128305128050,22985500000,135633128050,15657500000,22122.60746148656,22055.139023199234,21890.95238095238,22367.85714285714,-350000.0
377,2021-01-02,137,1,133,0,650781,300000,950781,0,14572428430,6717000000,21289428430,0,22392.215553312097,22391.51647960992,22390.0,,-300000.0
378,2020-12-30,646,3,595,0,3218774,833662,4052436,0,75977449890,19503463980,95480913870,0,23604.46862376793,23561.362565627194,23394.929815680694,,-833662.0
379,2020-12-29,841,1,721,3,6608275,30000,5256413,1381862,161637221720,736200000,128495528240,33877893480,24459.82071266707,24445.477978994422,24540.0,24516.119178326055,1351862.0
380,2020-12-28,1476,3,1674,1,11427683,650000,11677683,400000,267456896820,14978377000,272914084920,9521188900,23404.297863355154,23370.568024495955,23043.656923076924,23802.97225,-250000.0
381,2020-12-27,486,2,564,2,4719945,650000,4069945,1300000,110915341380,15297050040,95610391420,30602000000,23499.286830672816,23491.814120338237,23533.923138461538,23540.0,650000.0
382,2020-12-26,185,0,289,2,2418580,0,1018580,1400000,54224563600,0,22836563600,31388000000,22420.0,22420.0,,22420.0,1400000.0
383,2020-12-23,155,0,220,2,1880551,0,680551,1200000,40695123640,0,14727123640,25968000000,21640.0,21640.0,,21640.0,1200000.0
384,2020-12-22,380,0,238,2,2397202,0,1297202,1100000,49594890310,0,26835890310,22759000000,20688.65715530022,20687.51845125123,,20690.0,1100000.0
385,2020-12-21,273,0,354,1,2563016,0,2463016,100000,50538915380,0,48554915380,1984000000,19718.53292371175,19713.601283954307,,19840.0,100000.0
386,2020-12-20,346,1,346,3,1952859,9857,1891274,71442,36789718810,181368800,35621293370,1349794240,18838.90173842556,18834.5492879403,18400.0,18893.567369334563,61585.0
387,2020-12-19,332,2,373,3,1826284,50750,1626034,251000,34759186630,948875000,30894049270,4814012360,19032.73895516798,18999.633015053805,18697.04433497537,19179.332111553784,200250.0
388,2020-12-16,277,1,329,0,2065130,20000,2085130,0,39638964990,383200000,40022164990,0,19194.416327301427,19194.08621524797,19160.0,,-20000.0
389,2020-12-15,71,1,159,0,615519,250,615769,0,11957830840,4855000,11962685840,0,19427.232693060654,19427.229756613277,19420.0,,-250.0
390,2020-12-14,313,1,342,1,1941688,40000,1981438,250,39436788180,815200000,40246703180,5285000,20310.569040958177,20311.866018517863,20380.0,21140.0,-39750.0
391,2020-12-13,355,2,329,0,1934451,90670,2025121,0,40710730800,1911241100,42621971900,0,21045.108302045388,21046.629756937982,21079.090106981363,,-90670.0
392,2020-12-12,507,1,523,1,2471605,190831,2546027,116409,53867558850,4155103830,55555753960,2466908720,21794.56622316268,21820.56748023489,21773.736080615832,21191.73534692335,-74422.0
393,2020-12-11,507,1,524,1,2471605,190831,2546027,116409,53867558850,4155103830,55555753960,2466908720,21794.56622316268,21820.56748023489,21773.736080615832,21191.73534692335,-74422.0
394,2020-12-09,655,1,506,0,2490378,151376,2641754,0,54188233400,3268659200,57456892600,0,21759.039551425525,21749.524217622078,21592.98171440651,,-151376.0
395,2020-12-08,565,2,660,2,2723774,176442,2835628,64588,58028351670,3672842130,60300348600,1400845200,21304.392974600683,21265.253622830638,20816.14428537423,21688.939121818294,-111854.0
396,2020-12-07,753,3,654,0,4667128,423779,5090907,0,99438173750,9146617280,108584791030,0,21306.073831701207,21329.16414108527,21583.46043574599,,-423779.0
397,2020-12-06,605,0,404,1,2985350,0,2735350,250000,66539468340,0,60961968340,5577500000,22288.665764483227,22286.71590107299,,22310.0,250000.0
398,2020-12-05,321,1,378,1,1794506,20000,1794506,20000,38514681930,424400000,38505731930,433350000,21462.55400093396,21457.56655592124,21220.0,21667.5,0.0
399,2020-12-02,482,0,451,1,3467152,0,3067152,400000,71573873030,0,63301873030,8272000000,20643.419449161735,20638.648827968096,,20680.0,400000.0
400,2020-12-01,593,1,825,2,5547967,70000,5496967,121000,109319561560,1330000000,108250861560,2398700000,19704.436158326105,19692.83453220658,19000.0,19823.96694214876,51000.0
401,2020-11-30,679,2,698,0,3920844,130920,4051764,0,74668957430,2514509740,77183467170,0,19044.103114023408,19049.3491649563,19206.45997555759,,-130920.0
402,2020-11-29,764,0,639,1,3540138,0,3490138,50000,69356323860,0,68363223860,993100000,19591.41814810609,19587.54177055463,,19862.0,50000.0
403,2020-11-28,953,2,667,1,4327889,107713,4395602,40000,82280910580,2032024780,83545535360,767400000,19011.788560196437,19006.61965300771,18865.176719616018,19185.0,-67713.0
404,2020-11-25,196,0,335,2,2186232,0,1686232,500000,41163743490,0,31734743490,9429000000,18828.625456950587,18819.91534379611,,18858.0,500000.0
405,2020-11-24,811,1,975,2,5359863,539,5354550,5852,96317859130,9421720,96221831650,105449200,17970.20915086822,17970.10610602198,17480.0,18019.343814080657,5313.0
406,2020-11-23,37,0,23,0,0,0,0,0,0,0,0,0,,,,,0.0
407,2020-11-21,66,2,39,0,182491,18521,201012,0,3423531160,347453960,3770985120,0,18760.0,18760.0,18760.0,,-18521.0
408,2020-11-18,58,1,24,0,113020,20000,133020,0,2125906200,376200000,2502106200,0,18810.0,18810.0,18810.0,,-20000.0
409,2020-11-17,85,2,53,0,342541,220000,562541,0,6515129820,4184400000,10699529820,0,19020.0,19020.0,19020.0,,-220000.0
410,2020-11-16,16,0,9,0,67646,0,67646,0,1288656300,0,1288656300,0,19050.0,19050.0,,,0.0
411,2020-11-15,14,0,7,0,62192,0,62192,0,1186623360,0,1186623360,0,19080.0,19080.0,,,0.0
412,2020-11-14,65,1,21,0,218224,20000,238224,0,4185536320,383600000,4569136320,0,19180.0,19180.0,19180.0,,-20000.0
413,2020-11-11,16,1,8,0,24427,10000,34427,0,468754130,191900000,660654130,0,19190.0,19190.0,19190.0,,-10000.0
414,2020-11-10,6,1,7,0,15401,10000,25401,0,295545190,191900000,487445190,0,19190.0,19190.0,19190.0,,-10000.0
415,2020-11-09,5,0,1,0,2837,0,2837,0,54442030,0,54442030,0,19190.0,19190.0,,,0.0
416,2020-11-08,4,0,14,0,141251,0,141251,0,2719081750,0,2719081750,0,19250.0,19250.0,,,0.0
417,2020-11-07,4,1,9,0,45415,20000,65415,0,875601200,385600000,1261201200,0,19280.0,19280.0,19280.0,,-20000.0
418,2020-11-04,11,0,1,0,10134,0,10134,0,195383520,0,195383520,0,19280.0,19280.0,,,0.0
419,2020-11-02,5,0,1,0,4192,0,4192,0,80821760,0,80821760,0,19280.0,19280.0,,,0.0
420,2020-11-01,3,1,2,0,7293,20000,27293,0,140681970,385800000,526481970,0,19290.0,19290.0,19290.0,,-20000.0
421,2020-10-31,27,1,28,0,96850,20000,116850,0,1873079000,386800000,2259879000,0,19340.0,19340.0,19340.0,,-20000.0
422,2020-10-28,13,0,25,0,425681,0,425681,0,8305036310,0,8305036310,0,19510.0,19510.0,,,0.0
423,2020-10-27,4,1,3,0,2447,20000,22447,0,47765440,390400000,438165440,0,19520.0,19520.0,19520.0,,-20000.0
424,2020-10-26,2,1,1,0,19000,20000,39000,0,371260000,390800000,762060000,0,19540.0,19540.0,19540.0,,-20000.0
425,2020-10-24,2,1,2,0,1920,50000,51920,0,37555200,978000000,1015555200,0,19560.0,19560.0,19560.0,,-50000.0
426,2020-10-21,25,1,6,0,52058,10000,62058,0,1019295640,195800000,1215095640,0,19580.0,19580.0,19580.0,,-10000.0
427,2020-10-20,5,1,7,0,8287,20000,28287,0,162342330,391800000,554142330,0,19590.0,19590.0,19590.0,,-20000.0
428,2020-10-19,3,1,2,0,4652,10000,14652,0,91179200,196000000,287179200,0,19600.0,19600.0,19600.0,,-10000.0
429,2020-10-18,40,1,10,0,71205,4949,76154,0,1397754150,97148870,1494903020,0,19630.0,19630.0,19630.0,,-4949.0
430,2020-10-14,419,1,642,1,2916268,30000,2915623,30645,60267833430,609600000,60224694930,652738500,20666.08193417066,20655.858089334593,20320.0,21300.0,645.0
431,2020-10-13,36,1,7,0,42259,20000,62259,0,856167340,405200000,1261367340,0,20260.0,20260.0,20260.0,,-20000.0
432,2020-10-12,84,0,40,0,189596,0,189596,0,3856382640,0,3856382640,0,20340.0,20340.0,,,0.0
433,2020-10-11,748,1,676,1,3294167,10000,3297167,7000,70525112640,213000000,70587316020,150796620,21409.088440264262,21408.474614722276,21300.0,21542.374285714286,-3000.0
434,2020-10-10,509,0,687,0,2573269,0,2573269,0,55727200820,0,55727200820,0,21656.189391781427,21656.189391781427,,,0.0
435,2020-10-07,745,1,1181,3,4682730,20000,4552040,150690,102958833990,438200000,100082025330,3315008660,21986.9251462288,21986.191977662762,21910.0,21998.86296370031,130690.0
436,2020-10-06,61,1,5,0,112350,20000,132350,0,2469453000,439600000,2909053000,0,21980.0,21980.0,21980.0,,-20000.0
437,2020-10-05,20,0,1,0,15021,0,15021,0,330311790,0,330311790,0,21990.0,21990.0,,,0.0
438,2020-10-04,21,0,1,0,26452,0,26452,0,581944000,0,581944000,0,22000.0,22000.0,,,0.0
439,2020-10-03,29,0,1,0,34870,0,34870,0,767837400,0,767837400,0,22020.0,22020.0,,,0.0
440,2020-09-30,6,0,4,0,18280,0,18280,0,402708400,0,402708400,0,22030.0,22030.0,,,0.0
441,2020-09-29,8,0,1,0,5141,0,5141,0,113256230,0,113256230,0,22030.0,22030.0,,,0.0
442,2020-09-28,4,0,1,0,2182,0,2182,0,48069460,0,48069460,0,22030.0,22030.0,,,0.0
443,2020-09-27,5,0,4,0,14405,0,14405,0,317486200,0,317486200,0,22040.0,22040.0,,,0.0
444,2020-09-26,12,0,1,0,9216,0,9216,0,203120640,0,203120640,0,22040.0,22040.0,,,0.0
445,2020-09-23,22,0,9,0,48057,0,48057,0,1060137420,0,1060137420,0,22060.0,22060.0,,,0.0
446,2020-09-22,7,0,3,0,7809,0,7809,0,172266540,0,172266540,0,22060.0,22060.0,,,0.0
447,2020-09-21,6,0,4,0,1569,0,1569,0,34612140,0,34612140,0,22060.0,22060.0,,,0.0
448,2020-09-20,5,0,1,0,3741,0,3741,0,82526460,0,82526460,0,22060.0,22060.0,,,0.0
449,2020-09-19,22,0,2,0,44081,0,44081,0,973308480,0,973308480,0,22080.0,22080.0,,,0.0
450,2020-09-16,81,0,78,0,252883,0,252883,0,5619060260,0,5619060260,0,22220.0,22220.0,,,0.0
451,2020-09-15,107,1,4,0,118569,250,118819,0,2641717320,5570000,2647287320,0,22280.0,22280.0,22280.0,,-250.0
452,2020-09-14,96,0,9,0,60791,0,60791,0,1356247210,0,1356247210,0,22310.0,22310.0,,,0.0
453,2020-09-13,10,0,1,0,8923,0,8923,0,199072130,0,199072130,0,22310.0,22310.0,,,0.0
454,2020-09-12,77,1,30,0,143735,1074,144809,0,3218226650,24046860,3242273510,0,22390.0,22390.0,22390.0,,-1074.0
455,2020-09-09,49,0,7,0,38990,0,38990,0,873765900,0,873765900,0,22410.0,22410.0,,,0.0
456,2020-09-08,4,0,4,0,3466,0,3466,0,77673060,0,77673060,0,22410.0,22410.0,,,0.0
457,2020-09-07,15,0,2,0,8403,0,8403,0,188311230,0,188311230,0,22410.0,22410.0,,,0.0
458,2020-09-06,44,0,9,0,77309,0,77309,0,1734813960,0,1734813960,0,22440.0,22440.0,,,0.0
459,2020-09-05,71,0,48,0,237522,0,237522,0,5360871540,0,5360871540,0,22570.0,22570.0,,,0.0
460,2020-09-02,33,0,8,0,52570,0,52570,0,1188082000,0,1188082000,0,22600.0,22600.0,,,0.0
461,2020-09-01,44,0,10,0,66506,0,66506,0,1505030780,0,1505030780,0,22630.0,22630.0,,,0.0
462,2020-08-31,225,1,150,0,613018,39980,652998,0,14233225470,915542000,15148767470,0,23218.283100985616,23198.79612188705,22900.0,,-39980.0
463,2020-08-26,949,1,769,1,3313778,250,3311803,2225,79875616420,5977500,79828839170,52754750,24104.09400388318,24104.34412010618,23910.0,23710.0,1975.0
464,2020-08-25,572,2,571,0,1931913,83870,2015783,0,47337546480,2042835250,49380381730,0,24502.939045391795,24496.873785521555,24357.162871110053,,-83870.0
465,2020-08-24,59,0,2,0,61858,0,61858,0,1508716620,0,1508716620,0,24390.0,24390.0,,,0.0
466,2020-08-23,77,0,31,0,84816,0,84816,0,2073751200,0,2073751200,0,24450.0,24450.0,,,0.0
467,2020-08-22,335,1,165,0,984604,55863,1040467,0,24786948210,1401602670,26188550880,0,25174.535356346307,25169.996626514825,25090.0,,-55863.0
468,2020-08-19,1596,2,929,1,5979300,10190,5979490,10000,157940983550,265211000,157933194550,273000000,26414.62772398107,26412.485772197964,26026.594700686946,27300.0,-190.0
469,2020-08-18,283,0,268,1,1352724,0,1307724,45000,36510020760,0,35295470760,1214550000,26990.0,26990.0,,26990.0,45000.0
470,2020-08-17,914,0,373,2,3014814,0,1814814,1200000,77495894710,0,46619894710,30876000000,25705.033448166287,25688.524945256097,,25730.0,1200000.0
471,2020-08-16,971,0,471,1,2716737,0,2706737,10000,66594495810,0,66348195810,246300000,24512.676718430972,24512.24326929436,,24630.0,10000.0
472,2020-08-15,1322,0,770,1,3947141,0,3932141,15000,92584723790,0,92226773790,357950000,23456.148080344734,23454.59478436811,,23863.333333333332,15000.0
473,2020-08-12,497,1,662,1,2415919,5000,2400919,20000,56319404510,111550000,55939154510,491800000,23311.793363105302,23299.05944765317,22310.0,24590.0,15000.0
474,2020-08-11,340,0,299,0,1052154,0,1052154,0,24063471210,0,24063471210,0,22870.674074327522,22870.674074327522,,,0.0
475,2020-08-10,544,1,643,0,2456988,500000,2956988,0,59144365440,12035000000,71179365440,0,24071.89837313003,24071.577375356275,24070.0,,-500000.0
476,2020-08-09,1078,1,946,1,3782673,1620,3778893,5400,95824620730,39819600,95731978330,132462000,25332.51505747391,25333.339242471273,24580.0,24530.0,3780.0
477,2020-08-05,1105,3,1195,1,4835252,817324,4842576,810000,124833267240,21034671020,125022837860,20845100400,25817.323945060154,25817.42400325777,25736.025150368765,25734.69185185185,-7324.0
478,2020-08-04,873,1,808,0,3609969,355,3610324,0,97720551870,9485600,97730037470,0,27069.637404088513,27069.60302454849,26720.0,,-355.0
479,2020-08-03,765,1,419,1,1612959,150000,1612959,150000,45304909940,4187000000,45304909940,4187000000,28088.072877239905,28088.072877239905,27913.333333333332,27913.333333333332,0.0
480,2020-08-02,1494,1,627,1,3595529,500000,4095029,500,104770232040,14634677350,119390254390,14655000,29139.031291362135,29154.922807628467,29269.3547,29310.0,-499500.0
481,2020-08-01,276,0,211,2,955198,0,945098,10100,27290006860,0,27001449860,288557000,28570.0,28570.0,,28570.0,10100.0
482,2020-07-29,248,0,599,1,1370664,0,1355664,15000,37626689020,0,37213739020,412950000,27451.43158352448,27450.562248462746,,27530.0,15000.0
483,2020-07-28,1334,2,1314,0,5595444,73000,5668444,0,146715595220,1925820000,148641415220,0,26220.54571898137,26222.61333445298,26381.095890410958,,-73000.0
484,2020-07-27,1004,3,979,1,3381274,38800,3414358,5716,91812374500,1053823760,92711237500,154960760,27153.189744457268,27153.344054724195,27160.40618556701,27110.0,-33084.0
485,2020-07-26,734,1,350,0,2001889,20000,2021889,0,57111702120,569056940,57680759060,0,28528.90550874699,28528.153157764842,28452.847,,-20000.0
486,2020-07-25,1075,0,774,0,2687869,0,2687869,0,80342854560,0,80342854560,0,29890.91155856182,29890.91155856182,,,0.0
487,2020-07-22,922,2,845,1,3404175,46798,3445973,5000,100180926730,1375919280,101410138370,146707640,29428.841563668142,29428.593424846917,29401.241078678577,29341.528,-41798.0
488,2020-07-21,1042,2,1132,2,5911189,57051,5933298,34942,182562076560,1761724970,183247696160,1076105370,30884.154873072068,30884.627092723138,30879.82629577045,30796.90258142064,-22109.0
489,2020-07-20,1363,0,575,1,4986188,0,4980914,5274,159891934660,0,159727385860,164548800,32066.968726409836,32067.886709146154,,31200.0,5274.0
490,2020-07-19,157,1,344,1,1028009,3000,1021009,10000,32598165390,95130000,32376195390,317100000,31710.0,31710.0,31710.0,31710.0,7000.0
491,2020-07-18,266,1,353,0,1205117,2274,1207391,0,36912733710,69652620,36982386330,0,30630.0,30630.0,30630.0,,-2274.0
492,2020-07-15,1699,0,1289,0,5311772,0,5311772,0,155016210540,0,155016210540,0,29183.521156405055,29183.521156405055,,,0.0
493,2020-07-14,1686,0,1522,0,7875317,0,7875317,0,236962635440,0,236962635440,0,30089.282176196844,30089.282176196844,,,0.0
494,2020-07-13,792,0,223,1,1754364,0,1554364,200000,54736156800,0,48496156800,6240000000,31200.0,31200.0,,31200.0,200000.0
495,2020-07-12,2006,0,1265,1,6402617,0,6300617,102000,210273533900,0,206843882640,3429651260,32841.81045032055,32829.14715177895,,33624.03196078431,102000.0
496,2020-07-11,984,2,742,1,3809529,76700,3686229,200000,122737184140,2469740000,118766924140,6440000000,32218.466939088794,32219.08463635873,32200.0,32200.0,123300.0
497,2020-07-08,755,1,312,0,1177121,11392,1188513,0,39822003430,385391360,40207394790,0,33830.0,33830.0,33830.0,,-11392.0
498,2020-07-07,558,1,163,0,1168982,50000,1218982,0,41621937130,1761500000,43383437130,0,35605.28488034888,35589.89150783195,35230.0,,-50000.0
499,2020-07-05,2169,1,2037,1,7995956,6371,8002177,150,296488166240,245255550,296727915290,5506500,37079.76460100581,37080.89877167176,38495.6129336054,36710.0,-6221.0
500,2020-07-04,858,1,600,0,1790752,2000,1792752,0,69005785170,77060000,69082845170,0,38534.52916428405,38534.52411153355,38530.0,,-2000.0
501,2020-07-01,1761,0,1039,0,3882320,0,3882320,0,157435796210,0,157435796210,0,40551.988555811986,40551.988555811986,,,0.0
502,2020-06-30,1974,1,1178,1,7270128,5000,7262128,13000,305795677610,209000000,305451137610,553540000,42061.938608233584,42060.83087629411,41800.0,42580.0,8000.0
503,2020-06-28,1363,1,776,1,4274391,10000,4281391,3000,162581812440,375050000,162844379170,112483270,38036.2518169255,38035.39064056518,37505.0,37494.42333333333,-7000.0
504,2020-06-27,1075,1,648,1,2930246,15012,2940258,5000,115624051300,587359530,116013110830,198300000,39458.8206246165,39456.7792452227,39126.001199040766,39660.0,-10012.0
505,2020-06-24,1318,1,604,1,3022224,10000,3032194,30,114186588900,376700000,114562157900,1131000,37782.30498467354,37781.93542365693,37670.0,37700.0,-9970.0
506,2020-06-23,3578,3,1252,1,7907535,36391,7643926,300000,313539770110,1408578310,302804348420,12144000000,39650.75970071583,39613.72054360547,38706.77667555165,40480.0,263609.0
507,2020-06-22,482,0,477,1,2123965,0,2122942,1023,81889890430,0,81850146880,39743550,38555.197675102936,38555.05561621561,,38850.0,1023.0
508,2020-06-16,1903,1,885,0,4915853,5400,4921253,0,172097081130,188406000,172285487130,0,35008.58978696068,35008.459660578315,34890.0,,-5400.0
509,2020-06-15,1557,1,878,0,3858560,10000,3868560,0,131446158390,339932940,131786091330,0,34066.11751275087,34065.929268254855,33993.294,,-10000.0
510,2020-06-14,1423,3,633,0,3974639,10150,3984789,0,133761754310,348523500,134110277810,0,33653.812160047746,33655.55310707794,34337.29064039409,,-10150.0
511,2020-06-13,1698,1,575,2,4633068,100000,4563068,170000,161213729140,3497000000,158829716050,5881013090,34796.32268293925,34807.65924373689,34970.0,34594.19464705882,70000.0
512,2020-06-10,318,0,445,0,1241136,0,1241136,0,41658681160,0,41658681160,0,33564.960777868015,33564.960777868015,,,0.0
513,2020-06-09,1032,2,515,0,3105232,30000,3135232,0,99680972451,957919682,100638892133,0,32100.97424314834,32099.344524743305,31930.656066666666,,-30000.0
514,2020-06-08,1145,1,586,0,3670214,75000,3745214,0,123200355393,2488950000,125689305393,0,33567.621777095286,33559.979588082286,33186.0,,-75000.0
515,2020-06-07,2178,2,1057,0,6083944,250000,6333944,0,212431420658,8827091715,221258512373,0,34916.728467257424,34932.18638702836,35308.36686,,-250000.0
516,2020-06-06,535,1,256,0,1870553,5716,1876269,0,65138267119,199048268,65337315387,0,34823.0,34823.0,34823.0,,-5716.0
517,2020-06-02,1087,0,1343,0,8459987,0,8459987,0,280571854135,0,280571854135,0,33164.572727475825,33164.572727475825,,,0.0
518,2020-06-01,368,0,53,0,1773516,0,1773516,0,58414296492,0,58414296492,0,32937.0,32937.0,,,0.0
519,2020-05-31,225,0,19,0,362206,0,362206,0,12088263044,0,12088263044,0,33374.0,33374.0,,,0.0
520,2020-05-30,454,0,38,0,782905,0,782905,0,26889655130,0,26889655130,0,34346.0,34346.0,,,0.0
521,2020-05-27,237,0,52,0,700027,0,700027,0,24889727350,0,24889727350,0,35555.38193526821,35555.38193526821,,,0.0
522,2020-05-19,475,0,295,0,2262529,0,2262529,0,83255660962,0,83255660962,0,36797.61053316886,36797.61053316886,,,0.0
523,2020-05-18,478,0,245,0,1866561,0,1866561,0,65421452407,0,65421452407,0,35049.190681151056,35049.190681151056,,,0.0
524,2020-05-17,1639,1,1065,0,8087486,2500,8089986,0,270173785491,84672500,270258457991,0,33406.39915679607,33406.542111568546,33869.0,,-2500.0
525,2020-05-16,1636,1,1212,2,9432775,8000,9335775,105000,319517552981,269952000,316180389981,3607115000,33873.12354858459,33867.61034632904,33744.0,34353.47619047619,97000.0
526,2020-05-12,1179,1,490,1,5763491,100000,5715991,147500,211311432441,3686517324,209533517265,5464432500,36663.79151819618,36657.42602901229,36865.17324,37047.0,47500.0
527,2020-05-11,40,0,169,0,800024,0,800024,0,28868866040,0,28868866040,0,36085.0,36085.0,,,0.0
528,2020-05-10,26,0,164,0,435069,0,435069,0,15474969261,0,15474969261,0,35569.0,35569.0,,,0.0
529,2020-05-09,25,1,133,0,445480,50000,495480,0,15588236160,1749600000,17337836160,0,34992.0,34992.0,34992.0,,-50000.0
530,2020-05-06,65,0,228,0,1477311,0,1477311,0,49597762203,0,49597762203,0,33573.0,33573.0,,,0.0
531,2020-05-05,37,0,255,0,1032202,0,1032202,0,33660107220,0,33660107220,0,32610.0,32610.0,,,0.0
532,2020-05-04,21,0,301,0,1461159,0,1461289,0,45709436997,0,45713503787,0,31283.0,31283.0,,,0.0
533,2020-05-03,28,0,233,0,746403,0,746403,0,22861577487,0,22861577487,0,30629.0,30629.0,,,0.0
534,2020-05-02,18,0,184,0,671498,0,671498,0,20179857896,0,20179857896,0,30052.0,30052.0,,,0.0
535,2020-04-29,18,0,173,0,507472,0,507472,0,15059231600,0,15059231600,0,29675.0,29675.0,,,0.0
536,2020-04-28,856,0,228,0,5517920,0,5517920,0,155947834686,0,155947834686,0,28262.068802374808,28262.068802374808,,,0.0
537,2020-04-27,31,0,169,0,589840,0,589840,0,16429403360,0,16429403360,0,27854.0,27854.0,,,0.0
538,2020-04-26,145,0,253,0,1517629,0,1517629,0,40727091844,0,40727091844,0,26836.0,26836.0,,,0.0
539,2020-04-25,47,0,216,0,886357,0,886357,0,23271303035,0,23271303035,0,26255.0,26255.0,,,0.0
540,2020-04-22,61,0,170,1,1240416,0,690416,550000,31703792544,0,17646342544,14057450000,25559.0,25559.0,,25559.0,550000.0
541,2020-04-21,44,0,493,0,1573203,0,1573203,0,39344122982,0,39344122982,0,25008.929541832807,25008.929541832807,,,0.0
542,2020-04-19,47,0,185,0,763257,0,763257,0,18011338686,0,18011338686,0,23598.0,23598.0,,,0.0
543,2020-04-18,49,0,201,1,1081705,0,581705,500000,24934381955,0,13408881955,11525500000,23051.0,23051.0,,23051.0,500000.0
544,2020-04-15,32,0,296,1,723792,0,722014,1778,16451792160,0,16411378220,40413940,22730.0,22730.0,,22730.0,1778.0
545,2020-04-14,41,0,427,0,863201,0,863201,0,19295131953,0,19295131953,0,22353.0,22353.0,,,0.0
546,2020-04-13,656,0,642,0,3594978,0,3594978,0,76534233265,0,76534233265,0,21289.20768499835,21289.20768499835,,,0.0
547,2020-04-12,404,0,296,0,2082420,0,2082420,0,43096625806,0,43096625806,0,20695.453273595143,20695.453273595143,,,0.0
548,2020-04-11,1269,0,1000,0,5394306,0,5394306,0,106350795499,0,106350795499,0,19715.380532546726,19715.380532546726,,,0.0
549,2020-04-08,1107,0,1038,1,6084179,0,6083979,200,119028635168,0,119024735168,3900000,19563.631373764645,19563.633465533,,19500.0,200.0
550,2020-04-07,403,0,365,0,2167855,0,2167855,0,41446237463,0,41446237463,0,19118.546887591652,19118.546887591652,,,0.0
551,2020-04-06,689,0,599,0,4889341,0,4889341,0,89141610223,0,89141610223,0,18231.82515251033,18231.82515251033,,,0.0
552,2020-04-05,457,0,213,0,2026681,0,2026681,0,36040468223,0,36040468223,0,17783.0,17783.0,,,0.0
553,2020-04-04,90,0,193,0,711494,0,711494,0,12503795556,0,12503795556,0,17574.0,17574.0,,,0.0
554,2020-03-30,125,0,210,0,1881406,0,1881406,0,32143821510,0,32143821510,0,17085.0,17085.0,,,0.0
555,2020-03-29,608,0,280,0,3052880,0,3052880,0,49842824831,0,49842824831,0,16326.493288632373,16326.493288632373,,,0.0
556,2020-03-28,76,0,155,0,1380923,0,1380923,0,22082339693,0,22082339693,0,15991.0,15991.0,,,0.0
557,2020-03-25,1,0,37,0,57084,0,57084,0,869389320,0,869389320,0,15230.0,15230.0,,,0.0
558,2020-03-18,369,0,193,0,851374,0,851374,0,12479215450,0,12479215450,0,14657.736141813117,14657.736141813117,,,0.0
559,2020-03-17,666,0,306,0,2328167,0,2328167,0,33229798005,0,33229798005,0,14272.944339903452,14272.944339903452,,,0.0
560,2020-03-16,889,0,478,0,3675603,0,3675603,0,54874327332,0,54874327332,0,14929.340119702809,14929.340119702809,,,0.0
561,2020-03-15,439,0,337,0,2244181,0,2244181,0,33138730640,0,33138730640,0,14766.514216099325,14766.514216099325,,,0.0
562,2020-03-14,387,0,124,1,1042761,0,1038471,4290,15813625462,0,15742900522,70724940,15165.148545064498,15159.692010657976,,16486.0,4290.0
563,2020-03-11,764,0,628,0,3538080,0,3538080,0,55561664407,0,55561664407,0,15703.902796714603,15703.902796714603,,,0.0
564,2020-03-10,1094,1,493,0,5947678,6000,5953678,0,89900514576,88806000,89989320576,0,15115.228930685218,15114.912256927566,14801.0,,-6000.0
565,2020-03-04,414,0,159,0,2489038,0,2489038,0,41295629458,0,41295629458,0,16591.0,16591.0,,,0.0
566,2020-03-03,393,0,229,1,2738050,0,1008132,1729918,43654637446,0,16073160231,27581477215,15943.696223955005,15943.50762697742,,15943.806131273273,1729918.0
567,2020-03-02,1165,1,448,2,10150499,200,3877301,6273398,154131722545,3113600,59584527128,94550309017,15184.64486770552,15367.526825490206,15568.0,15071.626097531194,6273198.0
568,2020-03-01,882,0,369,2,4720994,0,3424494,1296500,69997817994,0,50721455994,19276362000,14826.923735552302,14811.372422903938,,14868.0,1296500.0
569,2020-02-29,1355,0,648,0,7746641,0,7746641,0,109689315774,0,109689315774,0,14159.597143329605,14159.597143329605,,,0.0
570,2020-02-26,1826,0,724,0,6600908,0,6600908,0,97823283649,0,97823283649,0,14819.670816348296,14819.670816348296,,,0.0
571,2020-02-25,1142,0,443,2,7119868,0,6864868,255000,106637486230,0,102808406230,3829080000,14977.452704179346,14976.02083973064,,15016.0,255000.0
572,2020-02-24,770,1,360,1,6666853,14000,6670853,10000,95342124627,199500000,95398024627,143600000,14300.918983364414,14300.72355469383,14250.0,14360.0,-4000.0
573,2020-02-23,111,0,171,1,907520,0,899152,8368,12412151040,0,12297701904,114449136,13677.0,13677.0,,13677.0,8368.0
574,2020-02-22,833,0,427,1,7282104,0,4282104,3000000,94856403643,0,55688127881,39168275762,13025.961129228586,13004.85179271685,,13056.091920666666,3000000.0
575,2020-02-19,604,0,409,0,5291235,0,5291235,0,67490967844,0,67490967844,0,12755.239153808137,12755.239153808137,,,0.0
576,2020-02-18,359,0,491,1,7014842,0,4814842,2200000,85457490406,0,58597690406,26859800000,12182.382782962182,12170.220830922386,,12209.0,2200000.0
577,2020-02-17,743,1,679,0,7832241,4290,7836531,0,91070734577,49764000,91120498577,0,11627.672664439207,11627.657515423598,11600.0,,-4290.0
578,2020-02-16,733,0,399,2,5392448,0,4315016,1077432,64527455776,0,51583243216,12944212560,11966.26388905373,11954.357345604281,,12013.948499766111,1077432.0
579,2020-02-15,552,0,427,1,7333547,0,4333547,3000000,83907385588,0,49524385588,34383000000,11441.582850426948,11428.140871207812,,11461.0,3000000.0
580,2020-02-12,832,0,370,0,6237127,0,6237127,0,68085170256,0,68085170256,0,10916.110936333347,10916.110936333347,,,0.0
581,2020-02-10,369,0,367,0,2799435,0,2799435,0,30759388445,0,30759388445,0,10987.71303673777,10987.71303673777,,,0.0
582,2020-02-09,447,0,380,0,3937244,0,3937244,0,44269083501,0,44269083501,0,11243.672858730624,11243.672858730624,,,0.0
583,2020-02-08,585,0,328,0,4505243,0,4505243,0,51734733070,0,51734733070,0,11483.228112223913,11483.228112223913,,,0.0
584,2020-02-05,410,0,341,1,2612557,0,2308844,303713,31102837371,0,27461381845,3641455526,11905.132546773142,11893.996235778597,,11989.791434676816,303713.0
585,2020-02-04,362,0,247,1,2138491,0,2088491,50000,25472512425,0,24847512425,625000000,11911.442425991037,11897.351927779435,,12500.0,50000.0
586,2020-02-03,339,0,294,1,3541263,0,3531263,10000,42767725923,0,42646765923,120960000,12076.96969216915,12076.915801230325,,12096.0,10000.0
587,2020-02-02,641,0,539,1,5840020,0,5830020,10000,67276443121,0,67160546536,115896585,11519.899438871784,11519.779783945853,,11589.6585,10000.0
588,2020-02-01,588,0,530,0,4217492,0,4217492,0,49906332882,0,49906332882,0,11833.177841712562,11833.177841712562,,,0.0
589,2020-01-28,524,0,383,0,3318912,0,3318912,0,40762291063,0,40762291063,0,12281.823399656272,12281.823399656272,,,0.0
590,2020-01-27,315,0,345,0,2828999,0,2828999,0,33198778952,0,33198778952,0,11735.168146754382,11735.168146754382,,,0.0
591,2020-01-26,440,0,452,0,4001265,0,4001265,0,45148807859,0,45148807859,0,11283.633515650676,11283.633515650676,,,0.0
592,2020-01-25,502,0,766,1,6933967,0,6908967,25000,75296326842,0,75020666068,275660774,10859.054685723195,10858.449037026809,,11026.43096,25000.0
593,2020-01-22,389,0,379,1,2979228,0,2974228,5000,31709001711,0,31654864711,54137000,10643.361874619868,10643.052486561219,,10827.4,5000.0
594,2020-01-21,421,0,428,0,3455572,0,3455572,0,36284732074,0,36284732074,0,10500.354810723087,10500.354810723087,,,0.0
595,2020-01-20,388,0,456,0,5303228,0,5303228,0,53542605529,0,53542605529,0,10096.229226614432,10096.229226614432,,,0.0
596,2020-01-19,386,0,222,1,1889348,0,1853348,36000,18356533962,0,18000169962,356364000,9715.803526930984,9712.245062449147,,9899.0,36000.0
597,2020-01-18,468,0,339,1,7063918,0,4622941,2440977,67591251393,0,44157049231,23434202162,9568.52151921922,9551.722427562887,,9600.337144512217,2440977.0
598,2020-01-15,418,2,225,0,2889009,50500,2939509,0,26537017333,463264000,27000281333,0,9185.50871008017,9185.303168998633,9173.544554455446,,-50500.0
599,2020-01-14,466,2,203,0,3346091,151500,3497591,0,31276910578,1415077719,32691988297,0,9347.298258774194,9347.001492455807,9340.44699009901,,-151500.0
600,2020-01-13,0,0,167,1,0,0,2497967,50000,0,0,23852561237,480350000,,9548.789570478713,,9607.0,50000.0
601,2020-01-12,27,0,33,1,374382,0,324382,50000,3425595300,0,2968095300,457500000,9150.0,9150.0,,9150.0,50000.0
602,2020-01-11,19,0,54,0,421980,0,421980,0,3677555700,0,3677555700,0,8715.0,8715.0,,,0.0
603,2020-01-08,36,1,8,0,116246,150000,266246,0,993322070,1281750000,2275072070,0,8545.0,8545.0,8545.0,,-150000.0
604,2020-01-07,109,0,9,0,390568,0,390568,0,3405362392,0,3405362392,0,8719.0,8719.0,,,0.0
605,2020-01-05,236,1,9,0,1074047,1000,1075047,0,9856529319,9177000,9865706319,0,9177.0,9177.0,9177.0,,-1000.0
606,2020-01-04,85,0,7,0,160349,0,160349,0,1522193057,0,1522193057,0,9493.0,9493.0,,,0.0
607,2020-01-01,439,1,440,1,6321157,15360,4336517,2000000,63160698003,154106880,43248804883,20066000000,9991.952106710844,9973.166226028861,10033.0,10033.0,1984640.0
608,2019-12-31,620,2,295,0,3929818,60000,3989818,0,37551859191,575910500,38127769691,0,9555.622980758906,9556.267902696314,9598.508333333333,,-60000.0
609,2019-12-30,650,1,294,0,3917538,500000,4417538,0,38454233790,4869213035,43323446825,0,9815.91851565958,9807.147516331495,9738.42607,,-500000.0
610,2019-12-29,621,1,311,0,3855793,500000,4355793,0,38004839080,4961773832,42966612912,0,9856.555857640698,9864.245824353911,9923.547664,,-500000.0
611,2019-12-28,437,0,290,0,2588721,0,2588721,0,26076512575,0,26076512575,0,10073.125908508488,10073.125908508488,,,0.0
612,2019-12-25,293,1,259,2,2784660,160000,1701344,1243316,27685179941,1597302154,16841625440,12440856655,9942.032399287526,9899.012451332594,9983.1384625,10006.190425442928,1083316.0
613,2019-12-24,422,0,398,0,4034625,0,4034625,0,39854069135,0,39854069135,0,9878.01075316789,9878.01075316789,,,0.0
614,2019-12-23,673,1,376,0,4605396,500000,5105396,0,45730170261,5040593946,50770764207,0,9929.693399004125,9944.530102464138,10081.187892,,-500000.0
615,2019-12-22,405,0,394,1,3838139,0,2923851,914288,39343486928,0,29984388859,9359098069,10250.667557376113,10255.101528429459,,10236.487921748945,914288.0
616,2019-12-21,956,1,789,2,7405726,415000,7805358,15368,74903141380,4220900035,78969054919,154986496,10114.21991307807,10117.288011517217,10170.843457831324,10085.014055179594,-399632.0
617,2019-12-18,983,2,561,1,10069204,510000,10576104,3100,106458982607,5615300000,112040175907,34106700,10572.730734922045,10593.709735361906,11010.392156862745,11002.161290322581,-506900.0
618,2019-12-17,73,1,127,1,942190,500000,1242190,200000,9895821570,5251500000,13046721570,2100600000,10503.0,10503.0,10503.0,10503.0,-300000.0
619,2019-12-16,552,1,481,1,7245137,80000,5482007,1843130,72481392683,791048010,54737925413,18534515280,10004.14383924003,9985.015599761182,9888.100125,10056.0,1763130.0
620,2019-12-15,743,1,506,1,9627354,300000,8285187,1642167,92217100931,2867428386,79470744601,15613784716,9578.654834028124,9591.907171316712,9558.09462,9508.037072965173,1342167.0
621,2019-12-14,134,0,249,0,1752368,0,1752368,0,16134829921,0,16134829921,0,9207.443825155447,9207.443825155447,,,0.0
622,2019-12-11,502,0,554,0,6679026,0,6679026,0,58672438506,0,58672438506,0,8784.58004295836,8784.58004295836,,,0.0
623,2019-12-10,873,1,659,0,9204081,7900,9211981,0,81714534041,68692400,81783226441,0,8878.076370796824,8877.919574627867,8695.240506329113,,-7900.0
624,2019-12-09,738,1,544,1,8223292,568,8155450,68410,75257315941,5181296,74633387577,629109660,9151.72608986766,9151.351253088425,9122.0,9196.165180529162,67842.0
625,2019-12-08,261,0,231,1,5307330,0,2307330,3000000,44342053342,0,19244053342,25098000000,8354.870215720523,8340.399224211535,,8366.0,3000000.0
626,2019-12-07,421,0,337,1,3964264,0,2964264,1000000,31587522563,0,23594522563,7993000000,7968.067354495059,7959.656279939978,,7993.0,1000000.0
627,2019-12-04,187,1,375,0,2306729,300000,2606729,0,17553718289,2292124158,19845842447,0,7609.7878376697045,7613.312487412385,7640.41386,,-300000.0
628,2019-12-03,196,0,212,0,1881710,0,1881710,0,13705195898,0,13705195898,0,7283.37304791918,7283.37304791918,,,0.0
629,2019-12-02,325,1,248,1,2795397,50000,2795397,50000,19909850246,340500000,19896705987,353644259,7122.369468808903,7117.667360664693,6810.0,7072.88518,0.0
630,2019-12-01,211,0,261,0,2590886,0,2590886,0,18559642969,0,18559642969,0,7163.434813033071,7163.434813033071,,,0.0
631,2019-11-30,329,0,281,0,2533818,0,2533818,0,17408194382,0,17408194382,0,6870.341272340792,6870.341272340792,,,0.0
632,2019-11-27,221,0,280,0,2058706,0,2058706,0,14009015882,0,14009015882,0,6804.767597704577,6804.767597704577,,,0.0
633,2019-11-26,460,0,348,0,4123068,0,4123068,0,28843757052,0,28843757052,0,6995.702484654631,6995.702484654631,,,0.0
634,2019-11-25,27,0,60,0,371749,0,371749,0,2546480650,0,2546480650,0,6850.0,6850.0,,,0.0
635,2019-11-24,62,0,128,0,776824,0,776824,0,5067840884,0,5067840884,0,6523.795459460573,6523.795459460573,,,0.0
636,2019-11-23,137,0,171,0,2639328,0,2639328,0,16402251909,0,16402251909,0,6214.556094960535,6214.556094960535,,,0.0
637,2019-11-20,175,1,204,0,2402949,2222,2405171,0,14272154084,12714284,14284868368,0,5939.432790292261,5939.231916566431,5722.0,,-2222.0
638,2019-11-19,225,0,100,0,1808977,0,1808977,0,10355067287,0,10355067287,0,5724.266968015624,5724.266968015624,,,0.0
639,2019-11-18,129,0,106,0,1212098,0,1212098,0,6912508349,0,6912508349,0,5702.928599007671,5702.928599007671,,,0.0
640,2019-11-17,119,0,75,0,1292865,0,1292865,0,7299194730,0,7299194730,0,5645.7516678075435,5645.7516678075435,,,0.0
641,2019-11-16,252,0,107,0,2020990,0,2020990,0,11995262584,0,11995262584,0,5935.339899752102,5935.339899752102,,,0.0
642,2019-11-13,234,0,122,0,2102566,0,2102566,0,12731316310,0,12731316310,0,6055.132780611881,6055.132780611881,,,0.0
643,2019-11-12,223,0,118,0,1424804,0,1424804,0,8824315803,0,8824315803,0,6193.354175732241,6193.354175732241,,,0.0
644,2019-11-11,158,0,146,0,1366080,0,1366080,0,8318516736,0,8318516736,0,6089.33352073085,6089.33352073085,,,0.0
645,2019-11-10,161,0,159,0,1824477,0,1824477,0,10817289388,0,10817289388,0,5928.9809561863485,5928.9809561863485,,,0.0
646,2019-11-09,116,0,121,0,726711,0,726711,0,4408198085,0,4408198085,0,6065.957560846058,6065.957560846058,,,0.0
647,2019-11-05,159,0,95,0,707226,0,707226,0,4241951105,0,4241951105,0,5998.013513360651,5998.013513360651,,,0.0
648,2019-11-04,120,0,132,0,1101322,0,1101322,0,6654876722,0,6654876722,0,6042.625791548702,6042.625791548702,,,0.0
649,2019-11-03,214,0,113,0,1248196,0,1248196,0,7540781271,0,7540781271,0,6041.343884293813,6041.343884293813,,,0.0
650,2019-11-02,321,0,167,1,1898074,0,1897351,723,11271057658,0,11266776606,4281052,5938.155023460624,5938.1614714409725,,5921.233748271093,723.0
651,2019-10-30,56,0,51,0,545390,0,545390,0,3201704155,0,3201704155,0,5870.485624965621,5870.485624965621,,,0.0
652,2019-10-28,96,0,107,0,1013216,0,1013216,0,5670864606,0,5670864606,0,5596.896028092727,5596.896028092727,,,0.0
653,2019-10-26,166,0,150,0,1293503,0,1293503,0,6943159895,0,6943159895,0,5367.718432040745,5367.718432040745,,,0.0
654,2019-10-23,202,0,130,0,1973525,0,1973525,0,10996951873,0,10996951873,0,5572.238442887727,5572.238442887727,,,0.0
655,2019-10-22,233,0,115,0,2144153,0,2144153,0,12388200880,0,12388200880,0,5777.666463167508,5777.666463167508,,,0.0
656,2019-10-21,190,0,267,1,3227419,0,3223602,3817,17899335928,0,17878278849,21057079,5546.021736873954,5546.056507285949,,5516.656798532879,3817.0
657,2019-10-20,33,0,5,0,267835,0,267835,0,1541122590,0,1541122590,0,5754.0,5754.0,,,0.0
658,2019-10-16,105,0,24,0,660009,0,660009,0,3997014504,0,3997014504,0,6056.0,6056.0,,,0.0
659,2019-10-15,102,0,54,0,711368,0,711368,0,4534396370,0,4534396370,0,6374.192218373612,6374.192218373612,,,0.0
660,2019-10-14,178,0,86,0,1175128,0,1175128,0,7878386636,0,7878386636,0,6704.279564438938,6704.279564438938,,,0.0
661,2019-10-13,257,1,162,0,2159151,2170,2161321,0,15181255844,15342140,15196597984,0,7031.122808918876,7031.161953268394,7070.110599078341,,-2170.0
662,2019-10-12,219,1,174,1,1897348,3526,1898166,2708,13852616511,25820898,13858865148,19572261,7301.041512152752,7301.187118513344,7323.0,7227.570531757755,-818.0
663,2019-10-09,225,0,226,0,2866103,0,2866103,0,19989820749,0,19989820749,0,6974.564678589709,6974.564678589709,,,0.0
664,2019-10-08,195,0,199,0,1510940,0,1510940,0,10901291207,0,10901291207,0,7214.906751426264,7214.906751426264,,,0.0
665,2019-10-07,284,0,250,0,1918813,0,1918813,0,14210517116,0,14210517116,0,7405.889534832211,7405.889534832211,,,0.0
666,2019-10-06,178,0,117,0,1102672,0,1102672,0,8259283217,0,8259283217,0,7490.244802624897,7490.244802624897,,,0.0
667,2019-10-01,404,1,386,0,4687579,810,4688389,0,36430699075,6350400,36437049475,0,7771.751489414898,7771.763280521305,7840.0,,-810.0
668,2019-09-30,446,1,413,1,4899372,742,4866130,33984,36583297881,5630296,36341694577,247233600,7466.936146306098,7468.295046988058,7588.0,7275.0,33242.0
669,2019-09-29,600,0,231,0,4224927,0,4224927,0,30535460608,0,30535460608,0,7227.45283125602,7227.45283125602,,,0.0
670,2019-09-28,505,0,242,1,3311593,0,3295577,16016,24960865674,0,24840792000,120073674,7537.4195059598205,7537.615416056126,,7497.107517482517,16016.0
671,2019-09-25,325,1,357,1,3954079,50000,3999482,4597,29104516714,372500000,29442723094,34293620,7360.631063264037,7361.634105116613,7450.0,7460.0,-45403.0
672,2019-09-24,611,0,302,1,5369533,0,5328776,40757,38535538723,0,38242277990,293260733,7176.70209364576,7176.559493211949,,7195.346394484383,40757.0
673,2019-09-23,663,2,359,2,7667609,69223,7377771,359061,57664077753,509858090,55477411912,2696523931,7520.477081317005,7519.535631019179,7365.443421984022,7509.932660467163,289838.0
674,2019-09-22,260,2,257,0,5981853,41057,6022910,0,44779492054,309196192,45088688246,0,7485.889749213162,7486.196580390542,7530.900747740946,,-41057.0
675,2019-09-21,577,1,449,2,9436615,154500,9425065,166050,67688984115,1112583833,67576620285,1224947663,7173.015336007668,7169.883739263337,7201.189857605178,7376.980806985847,11550.0
676,2019-09-18,275,0,160,2,2624326,0,2540777,83549,19379323805,0,18767870593,611453212,7384.495601918359,7386.665808530225,,7318.498270476008,83549.0
677,2019-09-17,526,0,425,1,8698676,0,8691046,7630,67002564387,0,66943157207,59407180,7702.616396679219,7702.543192959743,,7786.0,7630.0
678,2019-09-16,89,0,124,0,1754420,0,1754420,0,13011027752,0,13011027752,0,7416.141945486258,7416.141945486258,,,0.0
679,2019-09-15,764,2,811,2,13524675,963549,13488224,1000000,95986345903,6432220450,95381211979,7037354374,7097.127724178215,7071.443355255666,6675.550957968925,7037.354374,36451.0
680,2019-09-14,249,2,414,1,8384769,155241,8340010,200000,58860482364,1099416762,58543499126,1416400000,7019.928916825258,7019.595794969071,7082.0,7082.0,44759.0
681,2019-09-08,7,1,35,0,228506,50000,278506,0,1467922544,321200000,1789122544,0,6424.0,6424.0,6424.0,,-50000.0
682,2019-09-07,139,0,161,0,4070844,0,4070844,0,24909494436,0,24909494436,0,6119.0,6119.0,,,0.0
683,2019-09-04,200,1,248,0,4570599,200000,4770599,0,26634891543,1170389033,27805280576,0,5827.440023287976,5828.467363532336,5851.945165,,-200000.0
684,2019-09-03,446,0,397,0,5811422,0,5811422,0,32391342999,0,32391342999,0,5573.737890485324,5573.737890485324,,,0.0
685,2019-09-02,870,2,868,5,21967852,293000,18017407,4243445,118172077262,1608762906,96982379104,22798461064,5379.3187090845295,5382.704575858224,5490.65838225256,5372.630271866373,3950445.0
686,2019-09-01,234,0,120,1,3208915,0,1716862,1492053,16832452213,0,9010852178,7821600035,5245.527604501834,5248.442902225106,,5242.173056185002,1492053.0
687,2019-08-31,480,0,503,0,10216915,0,10216915,0,56222553030,0,56222553030,0,5502.8893780559,5502.8893780559,,,0.0
688,2019-08-28,118,0,313,0,4458940,0,4458940,0,24105029640,0,24105029640,0,5406.0,5406.0,,,0.0
689,2019-08-27,38,0,134,1,5075994,0,2075994,3000000,26136293106,0,10689293106,15447000000,5149.0,5149.0,,5149.0,3000000.0
690,2019-08-26,22,0,90,0,1328002,0,1328002,0,6512521808,0,6512521808,0,4904.0,4904.0,,,0.0
691,2019-08-25,305,3,407,0,6544989,432918,6977907,0,30534328055,2057478252,32591806307,0,4665.298605543875,4670.713769472709,4752.581902346403,,-432918.0
692,2019-08-24,109,1,237,0,1863261,170000,2033261,0,8429121479,775540000,9204661479,0,4523.854403113681,4527.043738605127,4562.0,,-170000.0
693,2019-08-21,357,0,173,0,2794345,0,2794345,0,12140353174,0,12140353174,0,4344.614989917136,4344.614989917136,,,0.0
694,2019-08-19,205,0,253,0,3036931,0,3036931,0,13176192232,0,13176192232,0,4338.653802802895,4338.653802802895,,,0.0
695,2019-08-18,266,1,160,0,2515204,1000,2516204,0,10491905238,4159200,10496064438,0,4171.393349406251,4171.3885034758705,4159.2,,-1000.0
696,2019-08-17,218,0,183,0,1944500,0,1944500,0,8311043836,0,8311043836,0,4274.128997685781,4274.128997685781,,,0.0
697,2019-08-14,342,0,201,0,3063573,0,3063573,0,13330250232,0,13330250232,0,4351.210247642214,4351.210247642214,,,0.0
698,2019-08-13,298,0,173,0,2012253,0,2012253,0,8788820855,0,8788820855,0,4367.6520074761975,4367.6520074761975,,,0.0
699,2019-08-11,285,0,158,1,2117099,0,2098997,18102,9073236626,0,8994270432,78966194,4285.693123467538,4285.032533157503,,4362.291128052149,18102.0
700,2019-08-10,318,0,298,1,3553084,0,3259350,293734,15498130431,0,14203742317,1294388114,4361.881236413212,4357.845066347585,,4406.667644875976,293734.0
701,2019-08-07,246,0,184,0,2038308,0,2038308,0,8682257827,0,8682257827,0,4259.541652684481,4259.541652684481,,,0.0
702,2019-08-06,372,2,357,1,6018968,8512,5627480,400000,25829595831,36477924,24135673755,1730400000,4291.3661994880185,4288.895518953422,4285.4703947368425,4326.0,391488.0
703,2019-08-05,222,0,151,0,2194120,0,2194120,0,9040136954,0,9040136954,0,4120.165238911272,4120.165238911272,,,0.0
704,2019-08-04,180,2,167,0,1704270,3195,1707465,0,7056708799,13163400,7069872199,0,4140.6049505066685,4140.566394625951,4120.0,,-3195.0
705,2019-08-03,148,0,121,0,1379111,0,1379111,0,5673949106,0,5673949106,0,4114.207707718958,4114.207707718958,,,0.0
706,2019-07-31,349,3,191,0,3815835,26778,3842613,0,15520102499,107496289,15627598788,0,4067.288679672994,4066.919772561015,4014.350922398984,,-26778.0
707,2019-07-30,270,0,213,0,2311538,0,2311538,0,9748989350,0,9748989350,0,4217.533672386091,4217.533672386091,,,0.0
708,2019-07-29,341,1,300,2,5406399,94437,4469780,1031056,22452978298,394935534,18536037640,4311876192,4153.037594524562,4146.968674073444,4182.0,4182.0,936619.0
709,2019-07-28,119,1,93,0,823970,149434,973404,0,3283355850,593342254,3876698104,0,3984.800235445465,3982.619861845647,3970.5974142430773,,-149434.0
710,2019-07-27,162,1,75,0,802405,566,802971,0,3172395325,2242492,3174637817,0,3953.6086203351174,3953.614535269642,3962.0,,-566.0
711,2019-07-24,206,1,97,0,1288245,164854,1453099,0,5009863155,643769764,5653632919,0,3888.9055692046154,3890.7417312929124,3905.0903466097275,,-164854.0
712,2019-07-23,223,0,62,0,1248418,0,1248418,0,4842266319,0,4842266319,0,3878.721965719815,3878.721965719815,,,0.0
713,2019-07-22,198,2,77,0,1218818,55617,1274435,0,4901327397,222551841,5123879238,0,4021.377594521906,4020.5104520826876,4001.5074707373647,,-55617.0
714,2019-07-21,236,1,84,0,1018788,20000,1038788,0,4089576822,80000000,4169576822,0,4014.1588063463646,4013.886203922263,4000.0,,-20000.0
715,2019-07-20,129,0,66,1,820374,0,808858,11516,3242098015,0,3196264335,45833680,3951.975580649801,3951.576586990547,,3980.0,11516.0
716,2019-07-17,154,0,114,0,1250534,0,1250534,0,5033289388,0,5033289388,0,4024.9120679645657,4024.9120679645657,,,0.0
717,2019-07-16,139,2,83,0,1127297,883455,2010752,0,4488392585,3501818358,7990210943,0,3981.5528516442428,3973.7426311151253,3963.776715282612,,-883455.0
718,2019-07-15,173,0,106,1,1308333,0,1299520,8813,5455892119,0,5418237439,37654680,4170.109688435589,4169.4144291738485,,4272.629070691025,8813.0
719,2019-07-14,178,0,100,1,1297497,0,1287838,9659,5522901467,0,5481524042,41377425,4256.581299995299,4256.376999280966,,4283.820788901543,9659.0
720,2019-07-13,136,1,215,0,1929229,11516,1940745,0,8217583842,49772152,8267355994,0,4259.517061997306,4259.887823490464,4322.0,,-11516.0
721,2019-07-10,103,1,217,0,1534553,1000000,2534553,0,6638051337,4314287880,10952339217,0,4325.723084833173,4321.21136034638,4314.28788,,-1000000.0
722,2019-07-09,121,1,172,1,955830,1048108,1940049,63889,4077066430,4434024300,8241185483,269905247,4265.472343408347,4247.926461135776,4230.503249665111,4224.596518962576,-984219.0
723,2019-07-08,147,1,208,0,2527517,850000,3377517,0,10927178450,3681350000,14608528450,0,4323.285837444417,4325.227215732741,4331.0,,-850000.0
724,2019-07-07,160,2,119,0,1679898,61222,1741120,0,6934261098,247550463,7181811561,0,4127.786983495426,4124.822850234332,4043.4886642056777,,-61222.0
725,2019-07-06,255,1,145,1,2773814,1000000,2482627,1291187,11118089679,4001650000,9957210588,5162529091,4008.231870990629,4010.7557792612424,4001.65,3998.281496793261,291187.0
726,2019-07-03,169,0,142,1,1835864,0,1835574,290,7667953556,0,7666761076,1192480,4176.754681174641,4176.764911684301,,4112.0,290.0
727,2019-07-02,170,0,142,0,2006598,0,2006598,0,8477211678,0,8477211678,0,4224.6686571002265,4224.6686571002265,,,0.0
728,2019-07-01,164,1,111,0,1455675,300000,1755675,0,6074243932,1300800000,7375043932,0,4172.802261493809,4200.688585301949,4336.0,,-300000.0
729,2019-06-30,165,0,195,0,3259607,0,3259607,0,13677987233,0,13677987233,0,4196.207467035137,4196.207467035137,,,0.0
730,2019-06-26,189,0,150,0,2523667,0,2523667,0,10426437435,0,10426437435,0,4131.463237820204,4131.463237820204,,,0.0
731,2019-06-25,244,0,154,0,2958115,0,2958115,0,12079166750,0,12079166750,0,4083.399986139822,4083.399986139822,,,0.0
732,2019-06-24,230,0,126,0,2195609,0,2195609,0,9035090777,0,9035090777,0,4115.072755212791,4115.072755212791,,,0.0
733,2019-06-23,304,0,339,0,4131242,0,4131242,0,16990488903,0,16990488903,0,4112.683038902102,4112.683038902102,,,0.0
734,2019-06-22,52,0,6,0,235584,0,235584,0,991808640,0,991808640,0,4210.0,4210.0,,,0.0
735,2019-06-19,164,0,62,0,1238261,0,1238261,0,5486708013,0,5486708013,0,4430.97861678596,4430.97861678596,,,0.0
736,2019-06-18,136,0,129,0,2295735,0,2295735,0,10705785922,0,10705785922,0,4663.336980095699,4663.336980095699,,,0.0
737,2019-06-15,398,0,223,0,7367237,0,7367237,0,36138492255,0,36138492255,0,4905.297909514788,4905.297909514788,,,0.0
738,2019-06-12,77,1,153,0,4156486,1000000,5156486,0,19999464858,4825000000,24824464858,0,4811.628105568021,4814.221323979159,4825.0,,-1000000.0
739,2019-06-11,346,1,356,0,7491135,200000,7691135,0,34452584588,894676648,35347261236,0,4599.11409793042,4595.844597188841,4473.38324,,-200000.0
740,2019-06-10,374,1,389,2,9543073,350000,9243073,650000,43956245657,1594515367,42538661024,3012100000,4606.089218535791,4602.220606068999,4555.758191428571,4634.0,300000.0
741,2019-06-09,5,0,39,0,240000,0,240000,0,1059360000,0,1059360000,0,4414.0,4414.0,,,0.0
742,2019-06-08,5,0,50,0,443533,0,443533,0,1864612732,0,1864612732,0,4204.0,4204.0,,,0.0
743,2019-06-03,95,0,254,0,3627568,0,3627568,0,14523568128,0,14523568128,0,4003.6653008296466,4003.6653008296466,,,0.0
744,2019-06-02,184,0,137,0,2125560,0,2125560,0,8195281324,0,8195281324,0,3855.5869154481643,3855.5869154481643,,,0.0
745,2019-06-01,255,0,178,0,2465375,0,2465375,0,9486603276,0,9486603276,0,3847.9352131014552,3847.9352131014552,,,0.0
746,2019-05-29,215,0,221,0,2418037,0,2418037,0,9634078952,0,9634078952,0,3984.256217750183,3984.256217750183,,,0.0
747,2019-05-28,328,1,259,0,3754862,386034,4140896,0,14809899616,1540352394,16350252010,0,3944.1927868454286,3948.481683674258,3990.1987752374143,,-386034.0
748,2019-05-26,301,0,358,0,5314054,0,5314054,0,21184961454,0,21184961454,0,3986.5913018573015,3986.5913018573015,,,0.0
749,2019-05-25,201,0,212,0,2162234,0,2162234,0,8274276056,0,8274276056,0,3826.7255329441678,3826.7255329441678,,,0.0
750,2019-05-22,240,1,324,0,4138460,200000,4338460,0,15591456425,744892326,16336348751,0,3767.4536965441253,3765.4717920644653,3724.46163,,-200000.0
751,2019-05-21,224,2,274,0,3214157,959640,4173797,0,11831519756,3557881894,15389401650,0,3681.0646636116408,3687.1466556710834,3707.5172919011297,,-959640.0
752,2019-05-20,164,1,281,0,4128457,637113,4765570,0,14385218438,2181188724,16566407162,0,3484.405538921684,3476.269819140208,3423.550804959246,,-637113.0
753,2019-05-19,181,0,174,0,2813538,0,2813538,0,9602358346,0,9602358346,0,3412.9122642025804,3412.9122642025804,,,0.0
754,2019-05-18,239,0,195,0,3498265,0,3498265,0,11660740113,0,11660740113,0,3333.292392943359,3333.292392943359,,,0.0
755,2019-05-15,56,0,51,0,907637,0,907637,0,2905658640,0,2905658640,0,3201.3444141215045,3201.3444141215045,,,0.0
756,2019-05-12,172,1,88,1,3066723,1000,3015223,52500,9305836694,3160000,9150059487,158937207,3034.4562237932805,3034.6211497458066,3160.0,3027.3753714285713,51500.0
757,2019-05-11,210,2,128,0,3343301,2000,3345301,0,10652412756,6524000,10658936756,0,3186.1961444691938,3186.2414640715438,3262.0,,-2000.0
758,2019-05-08,335,0,175,0,4137688,0,4137688,0,12859111141,0,12859111141,0,3107.801057257096,3107.801057257096,,,0.0
759,2019-05-07,73,0,25,0,573175,0,573175,0,1856394088,0,1856394088,0,3238.7910987045843,3238.7910987045843,,,0.0
760,2019-05-06,182,1,65,0,2000504,500000,2500504,0,6777289591,1700731856,8478021447,0,3387.7910721498183,3390.525048950132,3401.463712,,-500000.0
761,2019-05-05,311,1,190,0,4284242,150000,4434242,0,15050031672,541500000,15591531672,0,3512.880848467477,3516.166161431875,3610.0,,-150000.0
762,2019-05-04,245,1,234,0,4061695,150000,4211695,0,14773290187,542100000,15315390187,0,3637.22292958974,3636.395842291524,3614.0,,-150000.0
763,2019-05-01,182,1,232,0,3966963,35121,4002084,0,13938848485,119411400,14058259885,0,3513.7329198684233,3512.7348364002355,3400.0,,-35121.0
764,2019-04-30,259,1,102,0,3135495,22428,3157923,0,10575379329,75133800,10650513129,0,3372.794193261351,3372.632305790863,3350.0,,-22428.0
765,2019-04-29,192,1,169,0,2390261,100000,2490261,0,8236166103,350000000,8586166103,0,3445.718314025121,3447.8980729329173,3500.0,,-100000.0
766,2019-04-28,193,0,168,0,2270252,0,2270252,0,7871379072,0,7871379072,0,3467.1829699962823,3467.1829699962823,,,0.0
767,2019-04-27,134,1,117,0,1546658,100000,1646658,0,5259104954,346196766,5605301720,0,3400.302428849817,3404.047300653809,3461.96766,,-100000.0
768,2019-04-24,94,0,77,0,1083294,0,1083294,0,3662148767,0,3662148767,0,3380.567756306229,3380.567756306229,,,0.0
769,2019-04-23,102,0,83,0,1032006,0,1032006,0,3461266492,0,3461266492,0,3353.920899684692,3353.920899684692,,,0.0
770,2019-04-22,255,0,134,0,3679375,0,3679375,0,12619580187,0,12619580187,0,3429.816256021743,3429.816256021743,,,0.0
771,2019-04-20,214,1,119,0,2995121,216832,3211953,0,10569309312,771753600,11341062912,0,3528.8421776616037,3530.8931706036797,3559.22373081464,,-216832.0
772,2019-04-17,188,2,254,1,5455352,349072,5794819,9605,19087172232,1223360748,20276860265,33672715,3498.7975536683975,3499.1360843194584,3504.608642343127,3505.74856845393,-339467.0
773,2019-04-16,332,0,236,1,6182573,0,5244835,937738,20853226792,0,17688667454,3164559338,3372.9042571757745,3372.5879754081875,,3374.6732434859205,937738.0
774,2019-04-15,384,1,174,1,5493422,290,4464394,1029318,19372910664,1019640,15826969026,3546961278,3526.5651653923546,3545.155070542609,3516.0,3445.933402505348,1029028.0
775,2019-04-14,237,1,202,0,3011145,163097,3174242,0,10869342618,595779466,11465122084,0,3609.7041550639374,3611.9243850972925,3652.914927926326,,-163097.0
776,2019-04-13,276,0,278,0,6075700,0,6075700,0,22597792797,0,22597792797,0,3719.3727137613773,3719.3727137613773,,,0.0
777,2019-04-10,87,0,168,0,3160667,0,3160667,0,11274271676,0,11274271676,0,3567.0545729746286,3567.0545729746286,,,0.0
778,2019-04-09,222,1,279,0,5916840,300000,6216840,0,20141512680,1010106900,21151619580,0,3404.099600462409,3402.3104310228346,3367.023,,-300000.0
779,2019-04-08,379,0,198,2,4657412,0,4617442,39970,15176086602,0,15045596078,130490524,3258.480590078782,3258.426652245984,,3264.711633725294,39970.0
780,2019-04-07,288,0,180,0,4595625,0,4595625,0,15696739871,0,15696739871,0,3415.58327126343,3415.58327126343,,,0.0
781,2019-04-06,383,0,503,1,12678311,0,12642713,35598,43078574614,0,42955070542,123504072,3397.8165241411098,3397.61493771155,,3469.4104163155234,35598.0
782,2019-03-31,345,0,293,1,5120021,0,5056021,64000,17344751530,0,17129007530,215744000,3387.6328886151055,3387.8434306344852,,3371.0,64000.0
783,2019-03-30,291,0,240,0,3928849,0,3928849,0,13938250228,0,13938250228,0,3547.667581014185,3547.667581014185,,,0.0
784,2019-03-27,29,0,38,0,347491,0,347491,0,1200928896,0,1200928896,0,3456.0,3456.0,,,0.0
785,2019-03-26,68,0,85,1,1057245,0,1022936,34309,3480880760,0,3367866914,113013846,3292.4069255470586,3292.3534942557503,,3294.0,34309.0
786,2019-03-25,191,1,163,1,2777446,27298,2771849,32895,8719832325,81894000,8698525964,103200361,3139.5146206262875,3138.167325853609,3000.0,3137.2658762729898,5597.0
787,2019-03-19,259,1,187,0,2334764,777,2335541,0,7055328091,2315460,7057643551,0,3021.8592076115615,3021.8452816713557,2980.0,,-777.0
788,2019-03-18,364,2,273,0,4153593,21398,4174991,0,12399219319,63440866,12462660185,0,2985.179173549262,2985.074742676092,2964.803533040471,,-21398.0
789,2019-03-17,394,3,368,2,6177018,85777,5747795,515000,18898449434,265822923,17574509339,1589763018,3059.4777988343244,3057.6089333387845,3099.0,3086.918481553398,429223.0
790,2019-03-16,223,0,258,1,6026403,0,5526403,500000,17792109298,0,16308109298,1484000000,2952.359690847094,2950.9446375879575,,2968.0,500000.0
791,2019-03-13,338,2,545,2,10013201,372777,9660280,725698,28303646380,1053299252,27309763310,2047182322,2826.6331995133223,2827.0157086544077,2825.5478530059527,2820.9838279835412,352921.0
792,2019-03-12,554,2,615,0,10374996,1710000,12084996,0,28424584637,4720212368,33144797005,0,2739.720057434239,2742.640295867702,2760.3581099415205,,-1710000.0
793,2019-03-11,9,1,86,1,520518,250000,730518,40000,1396029276,670500000,1959249276,107280000,2682.0,2682.0,2682.0,2682.0,-210000.0
794,2019-03-10,65,0,136,2,1653750,0,1458750,195000,4224970997,0,3725345997,499625000,2554.7821599395315,2553.7933141388175,,2562.1794871794873,195000.0
795,2019-03-09,236,1,296,1,4121707,199653,4171360,150000,10074153186,477796624,10181199810,370750000,2444.1701426132427,2440.7387063212,2393.1352095886364,2471.6666666666665,-49653.0
796,2019-03-06,167,0,119,0,2128974,0,2128974,0,5036305939,0,5036305939,0,2365.6023694981714,2365.6023694981714,,,0.0
797,2019-03-05,244,0,292,0,6825973,0,6825973,0,16350107483,0,16350107483,0,2395.278663276283,2395.278663276283,,,0.0
798,2019-03-04,181,0,172,0,3667631,0,3667631,0,8539024887,0,8539024887,0,2328.212649255064,2328.212649255064,,,0.0
799,2019-03-03,141,0,85,0,1508114,0,1508114,0,3427235292,0,3427235292,0,2272.5306521920756,2272.5306521920756,,,0.0
800,2019-03-02,130,0,125,1,1909421,0,1873923,35498,4367286418,0,4286027875,81258543,2287.230745864846,2287.195298312684,,2289.1020057468027,35498.0
801,2019-02-27,232,0,174,1,4184857,0,4113181,71676,9530966971,0,9367254781,163712190,2277.489283624267,2277.374805776843,,2284.0586807299514,71676.0
802,2019-02-26,267,0,80,1,3398202,0,3343131,55071,7464841142,0,7343766179,121074963,2196.7031806820196,2196.6731722448208,,2198.5248678978046,55071.0
803,2019-02-25,310,0,72,1,3278609,0,3255698,22911,7158556530,0,7108384788,50171742,2183.4127003250464,2183.367372526567,,2189.8538693204137,22911.0
804,2019-02-24,351,0,121,1,5911690,0,5586537,325153,13039710824,0,12322404868,717305956,2205.750102593336,2205.7322573895062,,2206.0567056124346,325153.0
805,2019-02-23,157,0,58,1,2015020,0,806173,1208847,4521729212,0,1852445501,2669283711,2244.0120753143888,2297.826274261232,,2208.1237005179314,1208847.0
806,2019-02-20,64,0,52,1,600781,0,599481,1300,1379761403,0,1376787983,2973420,2296.612913857129,2296.6332260738873,,2287.246153846154,1300.0
807,2019-02-19,86,0,43,0,819485,0,819485,0,1864585533,0,1864585533,0,2275.313804401545,2275.313804401545,,,0.0
808,2019-02-18,110,0,41,0,894189,0,894189,0,2022428046,0,2022428046,0,2261.7456108272413,2261.7456108272413,,,0.0
809,2019-02-17,139,0,61,1,1406284,0,1290284,116000,3228459877,0,2964677952,263781925,2295.738184463451,2297.694113854004,,2273.9821120689653,116000.0
810,2019-02-16,112,0,121,1,1488284,0,1428284,60000,3555646441,0,3412823650,142822791,2389.091356891561,2389.457313811539,,2380.37985,60000.0
811,2019-02-13,139,0,162,1,1692808,0,1689808,3000,4109493523,0,4102082523,7411000,2427.6193892042097,2427.543557019496,,2470.3333333333335,3000.0
812,2019-02-12,136,0,212,0,3674841,0,3674841,0,8935609061,0,8935609061,0,2431.563450228187,2431.563450228187,,,0.0
813,2019-02-10,164,0,54,0,1411449,0,1411449,0,3281505278,0,3281505278,0,2324.919482035837,2324.919482035837,,,0.0
814,2019-02-06,171,0,158,0,3446615,0,3446615,0,8050020160,0,8050020160,0,2335.6308029762536,2335.6308029762536,,,0.0
815,2019-02-05,77,1,43,0,730246,4300,734546,0,1628766067,9554600,1638320667,0,2230.4347671880437,2230.3853904316406,2222.0,,-4300.0
816,2019-02-04,92,0,50,0,1086904,0,1086904,0,2440488650,0,2440488650,0,2245.358053701155,2245.358053701155,,,0.0
817,2019-02-03,72,0,50,0,737606,0,737606,0,1656544270,0,1656544270,0,2245.8389302690052,2245.8389302690052,,,0.0
818,2019-02-02,71,0,47,1,686661,0,586661,100000,1592249384,0,1361847537,230401847,2318.828918491075,2321.3534511412895,,2304.01847,100000.0
819,2019-01-30,94,0,70,1,1367644,0,1267644,100000,3211963895,0,2977963895,234000000,2348.537993074221,2349.211525475607,,2340.0,100000.0
820,2019-01-29,91,0,80,0,1255925,0,1255925,0,2937830234,0,2937830234,0,2339.176490634393,2339.176490634393,,,0.0
821,2019-01-28,104,0,101,1,1787862,0,1755262,32600,4157962543,0,4081515543,76447000,2325.6619039948273,2325.302742838391,,2345.0,32600.0
822,2019-01-27,193,0,89,1,3236322,0,2819309,417013,7523455209,0,6528440269,995014940,2324.6930339440883,2315.6171490957536,,2386.0525691045605,417013.0
823,2019-01-26,72,0,102,0,1895197,0,1895197,0,4453093986,0,4453093986,0,2349.6734038730538,2349.6734038730538,,,0.0
824,2019-01-23,84,1,75,1,915457,4608,859678,60387,2058114786,10229760,1932776202,135568344,2248.1829141073804,2248.255977237989,2220.0,2244.9922003080133,55779.0
825,2019-01-22,177,1,42,0,3555685,1000,3556685,0,7876376789,2299000,7878675789,0,2215.1503265896727,2215.1739018214994,2299.0,,-1000.0
826,2019-01-21,58,0,73,0,731879,0,731879,0,1667801671,0,1667801671,0,2278.794269271287,2278.794269271287,,,0.0
827,2019-01-20,83,2,48,0,539131,81000,620131,0,1250486306,186113368,1436599674,0,2319.447974610994,2316.606771794992,2297.695901234568,,-81000.0
828,2019-01-19,68,1,52,0,734011,10000,744011,0,1741096106,24000000,1765096106,0,2372.029991376151,2372.405926794093,2400.0,,-10000.0
829,2019-01-16,103,1,77,0,1148490,60000,1208490,0,2696119207,140940000,2837059207,0,2347.533898423147,2347.60668851211,2349.0,,-60000.0
830,2019-01-15,218,0,126,0,2538387,0,2538387,0,6174215396,0,6174215396,0,2432.3380934428046,2432.3380934428046,,,0.0
831,2019-01-14,124,0,151,0,2984933,0,2984933,0,7250658002,0,7250658002,0,2429.085678640023,2429.085678640023,,,0.0
832,2019-01-13,155,2,212,0,2664642,729464,3394106,0,6222441312,1719124358,7941565670,0,2335.188483856368,2339.810739558517,2356.695269403288,,-729464.0
833,2019-01-12,80,0,88,0,1015548,0,1015548,0,2279481625,0,2279481625,0,2244.5828508352142,2244.5828508352142,,,0.0
834,2019-01-09,34,0,40,0,186441,0,186441,0,412303705,0,412303705,0,2211.4433252342565,2211.4433252342565,,,0.0
835,2019-01-08,91,0,48,0,1157187,0,1157187,0,2533318180,0,2533318180,0,2189.203801978418,2189.203801978418,,,0.0
836,2019-01-07,62,0,59,0,717481,0,717481,0,1622272905,0,1622272905,0,2261.0674080567987,2261.0674080567987,,,0.0
837,2019-01-06,67,0,79,0,1100468,0,1100468,0,2490662472,0,2490662472,0,2263.2756899791725,2263.2756899791725,,,0.0
838,2019-01-05,45,0,55,0,752772,0,752772,0,1685048237,0,1685048237,0,2238.4576432173353,2238.4576432173353,,,0.0
839,2019-01-02,75,0,52,0,735799,0,735799,0,1613638978,0,1613638978,0,2193.043178911632,2193.043178911632,,,0.0
840,2019-01-01,151,0,153,0,3610700,0,3610700,0,8054677746,0,8054677746,0,2230.7801107818427,2230.7801107818427,,,0.0
841,2018-12-31,232,0,103,0,7136207,0,7136207,0,15660582916,0,15660582916,0,2194.5247546770993,2194.5247546770993,,,0.0
842,2018-12-30,46,1,34,0,371330,3373,374703,0,813334682,7416320,820751002,0,2190.3285002558373,2190.4041387445523,2198.731099911058,,-3373.0
843,2018-12-29,39,0,39,0,401687,0,401687,0,887468236,0,887468236,0,2209.35264521879,2209.35264521879,,,0.0
844,2018-12-26,50,0,25,1,485822,0,306838,178984,1060353050,0,669670857,390682193,2182.5957861109623,2182.489968647951,,2182.7771923747373,178984.0
845,2018-12-25,46,0,34,0,480806,0,480806,0,1068167216,0,1068167216,0,2221.617899943012,2221.617899943012,,,0.0
846,2018-12-24,28,1,39,1,339790,300000,339790,300000,760212341,672300000,760212341,672300000,2237.300512080991,2237.300512080991,2241.0,2241.0,0.0
847,2018-12-23,47,0,48,0,571113,0,571113,0,1275952991,0,1275952991,0,2234.151544440417,2234.151544440417,,,0.0
848,2018-12-22,30,0,49,0,308770,0,308770,0,685406516,0,685406516,0,2219.796340318036,2219.796340318036,,,0.0
849,2018-12-19,47,1,71,0,1000104,125000,1125104,0,2182526242,278695056,2461221298,0,2182.299282874581,2187.5500380409276,2229.560448,,-125000.0
850,2018-12-18,67,1,53,0,930414,100000,1030414,0,2011291189,216566324,2227857513,0,2161.7163853940287,2162.099421203516,2165.66324,,-100000.0
851,2018-12-17,58,1,62,0,607436,31376,638812,0,1354373571,69058576,1423432147,0,2229.656409893388,2228.2489167391973,2201.0,,-31376.0
852,2018-12-16,160,0,149,1,2313445,0,2155804,157641,5260442176,0,4902331470,358110706,2273.8565974120847,2274.015388226388,,2271.6850692396015,157641.0
853,2018-12-15,164,0,191,2,4661072,0,4111072,550000,10506835370,0,9260535370,1246300000,2254.167146527666,2252.584087556725,,2266.0,550000.0
854,2018-12-11,113,2,101,1,2607765,888984,3488209,8540,5389582533,1891038847,7262584900,18036480,2066.7439485536465,2082.038346899512,2127.191093428003,2112.0,-880444.0
855,2018-12-10,57,0,41,2,443281,0,385812,57469,901315478,0,784294187,117021291,2033.28245063515,2032.8403134168973,,2036.250691677252,57469.0
856,2018-12-09,135,1,28,0,2072180,50000,2122180,0,4252567454,105300000,4357867454,0,2052.219138298796,2053.486251873074,2106.0,,-50000.0
857,2018-12-08,63,1,37,1,688517,1650000,2306517,32000,1459883923,3512250000,4903949923,68184000,2120.330976577194,2126.127803523668,2128.6363636363635,2130.75,-1618000.0
858,2018-12-05,56,0,33,0,310036,0,310036,0,660185900,0,660185900,0,2129.3846521049168,2129.3846521049168,,,0.0
859,2018-12-04,87,0,70,1,1972128,0,715206,1256922,4203838417,0,1531889081,2671949336,2131.6255420540656,2141.885108626046,,2125.787706794853,1256922.0
860,2018-12-03,98,1,73,1,1043961,50000,813961,280000,2167477408,106208925,1702128285,571558048,2076.2053448356787,2091.1668802313625,2124.1785,2041.2787428571428,230000.0
861,2018-12-02,103,0,38,1,1370709,0,217096,1153613,2815449185,0,449140924,2366308261,2054.009410458383,2068.8585879058114,,2051.2149750392896,1153613.0
862,2018-12-01,44,0,44,1,498472,0,429850,68622,1034301724,0,889979264,144322460,2074.9444783257636,2070.4414656275444,,2103.1514674594155,68622.0
863,2018-11-28,62,0,44,1,639918,0,389918,250000,1371737349,0,833174869,538562480,2143.614258389356,2136.7950928143864,,2154.24992,250000.0
864,2018-11-27,93,0,58,0,1137055,0,1137055,0,2508823333,0,2508823333,0,2206.4221458064912,2206.4221458064912,,,0.0
865,2018-11-26,61,0,20,0,572032,0,572032,0,1271323424,0,1271323424,0,2222.469064667711,2222.469064667711,,,0.0
866,2018-11-24,45,0,40,0,654714,0,654714,0,1517231994,0,1517231994,0,2317.3965945435716,2317.3965945435716,,,0.0
867,2018-11-21,46,0,42,0,442995,0,442995,0,1037452465,0,1037452465,0,2341.9055858418265,2341.9055858418265,,,0.0
868,2018-11-20,36,0,34,0,297697,0,297697,0,691055277,0,691055277,0,2321.337725942821,2321.337725942821,,,0.0
869,2018-11-19,33,0,36,0,338987,0,338987,0,790693796,0,790693796,0,2332.5195243475414,2332.5195243475414,,,0.0
870,2018-11-18,125,0,43,0,990883,0,990883,0,2293144946,0,2293144946,0,2314.2439077065605,2314.2439077065605,,,0.0
871,2018-11-17,40,0,98,0,749344,0,749344,0,1801766540,0,1801766540,0,2404.4584863560663,2404.4584863560663,,,0.0
872,2018-11-14,35,0,41,0,295337,0,295337,0,725575519,0,725575519,0,2456.771481392443,2456.771481392443,,,0.0
873,2018-11-13,48,0,47,0,655922,0,655922,0,1613365411,0,1613365411,0,2459.6909556319197,2459.6909556319197,,,0.0
874,2018-11-12,63,0,43,0,898946,0,898946,0,2196348904,0,2196348904,0,2443.2489871471703,2443.2489871471703,,,0.0
875,2018-11-11,124,0,33,0,2181674,0,2181674,0,5339940879,0,5339940879,0,2447.6346507315025,2447.6346507315025,,,0.0
876,2018-11-10,55,0,51,0,930584,0,930584,0,2377991172,0,2377991172,0,2555.3750891913037,2555.3750891913037,,,0.0
877,2018-11-06,55,0,60,0,478127,0,478127,0,1213487882,0,1213487882,0,2538.003254365472,2538.003254365472,,,0.0
878,2018-11-05,37,0,48,0,384196,0,384196,0,990999968,0,990999968,0,2579.41250819894,2579.41250819894,,,0.0
879,2018-11-04,58,0,49,0,929754,0,929754,0,2363221434,0,2363221434,0,2541.7706554637034,2541.7706554637034,,,0.0
880,2018-11-03,68,0,52,0,477958,0,477958,0,1253448947,0,1253448947,0,2622.508561421715,2622.508561421715,,,0.0
881,2018-10-31,56,0,63,0,645035,0,645035,0,1647562769,0,1647562769,0,2554.222280961498,2554.222280961498,,,0.0
882,2018-10-29,67,0,74,0,1411271,0,1411271,0,3451095044,0,3451095044,0,2445.3808262197695,2445.3808262197695,,,0.0
883,2018-10-28,45,0,48,0,484344,0,484344,0,1132195926,0,1132195926,0,2337.5863559783957,2337.5863559783957,,,0.0
884,2018-10-27,60,0,49,0,415142,0,415142,0,970975841,0,970975841,0,2338.9005231944734,2338.9005231944734,,,0.0
885,2018-10-24,46,0,34,0,444178,0,444178,0,1090159786,0,1090159786,0,2454.3308898684763,2454.3308898684763,,,0.0
886,2018-10-23,74,0,39,0,604046,0,604046,0,1559329751,0,1559329751,0,2581.4751707651403,2581.4751707651403,,,0.0
887,2018-10-22,97,0,66,0,1310947,0,1310947,0,3553911827,0,3553911827,0,2710.950043747001,2710.950043747001,,,0.0
888,2018-10-21,87,0,63,0,1058994,0,1058994,0,3012521632,0,3012521632,0,2844.701322198237,2844.701322198237,,,0.0
889,2018-10-20,99,0,96,0,836834,0,836834,0,2417537173,0,2417537173,0,2888.908879180339,2888.908879180339,,,0.0
890,2018-10-17,105,0,44,0,703166,0,703166,0,1985499606,0,1985499606,0,2823.6570112889417,2823.6570112889417,,,0.0
891,2018-10-16,98,0,87,0,721898,0,721898,0,2129919997,0,2129919997,0,2950.4445184776796,2950.4445184776796,,,0.0
892,2018-10-15,147,0,164,0,2012480,0,2012480,0,5672037814,0,5672037814,0,2818.431891993958,2818.431891993958,,,0.0
893,2018-10-14,11,0,1,0,102937,0,102937,0,273606546,0,273606546,0,2658.0,2658.0,,,0.0
894,2018-10-13,30,0,2,0,248817,0,248817,0,695941149,0,695941149,0,2797.0,2797.0,,,0.0
895,2018-10-10,78,0,31,0,535090,0,535090,0,1575223090,0,1575223090,0,2943.8469977013215,2943.8469977013215,,,0.0
896,2018-10-09,214,0,218,1,2747300,0,2741158,6142,8474503913,0,8455721829,18782084,3084.666368070469,3084.7261737557633,,3057.9752523607945,6142.0
897,2018-10-08,34,0,11,0,157780,0,157780,0,494009180,0,494009180,0,3131.0,3131.0,,,0.0
898,2018-10-07,32,0,11,0,231552,0,231552,0,761574528,0,761574528,0,3289.0,3289.0,,,0.0
899,2018-10-06,200,0,192,0,2723122,0,2723122,0,9426900957,0,9426900957,0,3461.798978158158,3461.798978158158,,,0.0
900,2018-10-03,78,0,28,0,459943,0,459943,0,1660394230,0,1660394230,0,3610.0,3610.0,,,0.0
901,2018-10-02,67,1,31,0,594186,2515,596701,0,2258137252,9557000,2267694252,0,3800.3878448835885,3800.3862101789673,3800.0,,-2515.0
902,2018-10-01,211,0,84,0,1765878,0,1765878,0,7063168266,0,7063168266,0,3999.8053466887295,3999.8053466887295,,,0.0
903,2018-09-30,378,0,264,2,4306248,0,4247990,58258,18021846589,0,17778386407,243460182,4185.04614434654,4185.129062686117,,4179.0,58258.0
904,2018-09-29,344,1,232,0,3799660,40000,3839660,0,15627253329,164706000,15791959329,0,4112.80307422243,4112.853567503373,4117.65,,-40000.0
905,2018-09-26,383,0,399,1,5683306,0,5683297,9,23248273464,0,23248237014,36450,4090.624974970554,4090.6250393037703,,4050.0,9.0
906,2018-09-25,263,1,186,1,3100415,18258,2119793,998880,12589645379,74456124,8590916787,4073184716,4060.6323279302933,4052.714952356197,4078.0,4077.7517980137754,980622.0
907,2018-09-24,364,1,253,2,4644933,2231,3870274,776890,18039571861,8683881,15043673436,3004582306,3883.709810453671,3886.978915704676,3892.371582250112,3867.4488099988416,774659.0
908,2018-09-23,423,0,223,3,4376983,0,4061206,315777,16506118527,0,15318718334,1187400193,3771.117805803678,3771.9628932883484,,3760.2491410077364,315777.0
909,2018-09-22,474,0,162,1,4307428,0,4293685,13743,16067319680,0,16016439341,50880339,3730.142368021009,3730.231570550704,,3702.2730844793714,13743.0
910,2018-09-18,352,0,198,0,4865178,0,4865178,0,18414210627,0,18414210627,0,3784.899674174306,3784.899674174306,,,0.0
911,2018-09-17,1041,3,317,3,24452259,2190000,24798456,1843803,89281384974,7878867556,90527007902,6633244628,3651.253038584288,3650.50985037133,3597.6564182648403,3597.5885861992847,-346197.0
912,2018-09-16,112,0,16,0,1062650,0,1062650,0,4015317308,0,4015317308,0,3778.588724415377,3778.588724415377,,,0.0
913,2018-09-15,161,0,34,0,1727793,0,1727793,0,6820832273,0,6820832273,0,3947.71380194271,3947.71380194271,,,0.0
914,2018-09-12,184,0,41,1,2507185,0,2457185,50000,10315511860,0,10110394690,205117170,4114.380015834492,4114.624942769877,,4102.3434,50000.0
915,2018-09-11,53,0,59,1,1294179,0,1265331,28848,5494718671,0,5371803572,122915099,4245.7176874296365,4245.374192207414,,4260.784075152524,28848.0
916,2018-09-10,74,0,38,0,1013554,0,1013554,0,4217546459,0,4217546459,0,4161.146282289844,4161.146282289844,,,0.0
917,2018-09-09,92,1,39,0,1750595,5000,1755595,0,7431623966,21000000,7452623966,0,4245.19889866017,4245.070170511992,4200.0,,-5000.0
918,2018-09-08,44,0,22,0,511004,0,511004,0,2179564164,0,2179564164,0,4265.258518524317,4265.258518524317,,,0.0
919,2018-09-05,22,0,19,0,639324,0,639324,0,2752782144,0,2752782144,0,4305.770069636053,4305.770069636053,,,0.0
920,2018-09-04,42,0,18,0,311113,0,311113,0,1330484553,0,1330484553,0,4276.531527130014,4276.531527130014,,,0.0
921,2018-09-03,25,0,18,0,381971,0,381971,0,1697992128,0,1697992128,0,4445.343044367242,4445.343044367242,,,0.0
922,2018-09-02,26,0,26,0,642310,0,642310,0,2810648402,0,2810648402,0,4375.844065949464,4375.844065949464,,,0.0
923,2018-09-01,23,0,44,0,902600,0,902600,0,3793671479,0,3793671479,0,4203.0483924218925,4203.0483924218925,,,0.0
924,2018-08-29,18,2,41,1,811789,52037,817826,46000,3304906502,195415593,3313562095,186760000,4071.1397937148695,4051.6712540320314,3755.3201183773085,4060.0,-6037.0
925,2018-08-28,36,1,18,0,548655,3249,551904,0,2145960739,13234139,2159194878,0,3911.311733238556,3912.2653178813707,4073.2960911049554,,-3249.0
926,2018-08-27,14,1,9,0,200668,1200,201868,0,810044615,4815600,814860215,0,4036.7403621902845,4036.5992381159967,4013.0,,-1200.0
927,2018-08-26,16,1,23,0,332830,4448,337278,0,1360284076,17792000,1378076076,0,4087.023633686867,4085.8759717503067,4000.0,,-4448.0
928,2018-08-25,32,1,25,0,1432257,11332,1443589,0,5713022890,45905932,5758928822,0,3988.8252527304808,3989.313317017517,4051.0,,-11332.0
929,2018-08-21,13,0,14,0,283080,0,283080,0,1142824570,0,1142824570,0,4037.1081319768264,4037.1081319768264,,,0.0
930,2018-08-20,17,0,42,1,910613,0,880333,30280,3607290784,0,3485807424,121483360,3961.3873116241475,3959.6464337926673,,4012.0,30280.0
931,2018-08-19,11,0,14,0,147378,0,147378,0,564343358,0,564343358,0,3829.2238868759246,3829.2238868759246,,,0.0
932,2018-08-18,9,0,20,0,224149,0,224149,0,855968978,0,855968978,0,3818.7499297342392,3818.7499297342392,,,0.0
933,2018-08-15,10,0,30,1,391234,0,353234,38000,1455857582,0,1315485582,140372000,3721.1939197513507,3724.119371294949,,3694.0,38000.0
934,2018-08-14,27,0,11,0,258097,0,258097,0,923035517,0,923035517,0,3576.312460044092,3576.312460044092,,,0.0
935,2018-08-13,8,0,9,0,22375,0,22375,0,81152263,0,81152263,0,3626.916782122905,3626.916782122905,,,0.0
936,2018-08-12,11,0,18,1,391036,0,309316,81720,1476343580,0,1168984980,307358600,3775.467169263188,3779.258040321225,,3761.1184532550174,81720.0
937,2018-08-11,18,1,31,0,739245,13870,753115,0,2740657501,48558870,2789216371,0,3707.3737407760623,3703.5729881890547,3501.0,,-13870.0
938,2018-08-08,14,1,15,1,297170,12639,270985,38824,1071392850,45563595,976995925,139960520,3605.31968233671,3605.3505729099397,3605.0,3605.0,26185.0
939,2018-08-07,16,0,8,0,46111,0,46111,0,168433162,0,168433162,0,3652.7761705449893,3652.7761705449893,,,0.0
940,2018-08-06,13,0,23,0,249831,0,249831,0,956083608,0,956083608,0,3826.9214308872797,3826.9214308872797,,,0.0
941,2018-08-05,15,0,18,0,297628,0,297628,0,1102391461,0,1102391461,0,3703.9238949292403,3703.9238949292403,,,0.0
942,2018-08-04,10,0,29,0,176864,0,176864,0,638282159,0,638282159,0,3608.886822643387,3608.886822643387,,,0.0
943,2018-08-01,21,0,27,0,249303,0,249303,0,877736478,0,877736478,0,3520.7617958869328,3520.7617958869328,,,0.0
944,2018-07-31,32,0,39,0,400874,0,400874,0,1368275353,0,1368275353,0,3413.230473914497,3413.230473914497,,,0.0
945,2018-07-30,33,0,34,0,350570,0,350570,0,1193726114,0,1193726114,0,3405.1005904669537,3405.1005904669537,,,0.0
946,2018-07-25,14,0,25,0,185785,0,185785,0,603635092,0,603635092,0,3249.105643620314,3249.105643620314,,,0.0
947,2018-07-24,29,0,38,0,546712,0,546712,0,1721908051,0,1721908051,0,3149.570616704956,3149.570616704956,,,0.0
948,2018-07-23,11,1,48,0,729480,100000,829480,0,2192157469,297000000,2489157469,0,3005.0960533530733,3000.8649623860733,2970.0,,-100000.0
949,2018-07-22,23,0,25,0,512428,0,512428,0,1492254596,0,1492254596,0,2912.1254029834436,2912.1254029834436,,,0.0
950,2018-07-21,8,0,10,0,28519,0,28519,0,82025308,0,82025308,0,2876.1635400960763,2876.1635400960763,,,0.0
951,2018-07-18,12,0,17,0,785663,0,785663,0,2322266620,0,2322266620,0,2955.8049952715096,2955.8049952715096,,,0.0
952,2018-07-17,15,0,9,0,121574,0,121574,0,347730609,0,347730609,0,2860.238282856532,2860.238282856532,,,0.0
953,2018-07-16,22,0,32,0,472320,0,472320,0,1405745771,0,1405745771,0,2976.2571371104336,2976.2571371104336,,,0.0
954,2018-07-15,9,0,19,0,106217,0,106217,0,302894850,0,302894850,0,2851.6607511038724,2851.6607511038724,,,0.0
955,2018-07-14,11,0,20,0,66501,0,66501,0,193424190,0,193424190,0,2908.590697884242,2908.590697884242,,,0.0
956,2018-07-11,15,0,20,0,591281,0,591281,0,1732175388,0,1732175388,0,2929.529932468657,2929.529932468657,,,0.0
957,2018-07-03,22,1,47,0,801997,600000,1401997,0,2943614299,2194377986,5137992285,0,3670.355748213522,3664.766960984938,3657.296643333333,,-600000.0
958,2018-07-02,19,0,37,0,403457,0,403457,0,1425739569,0,1425739569,0,3533.8079869725893,3533.8079869725893,,,0.0
959,2018-07-01,36,0,68,0,2475966,0,2475966,0,8420442022,0,8420442022,0,3400.8714263443035,3400.8714263443035,,,0.0
960,2018-06-30,19,0,14,0,178068,0,178068,0,619725936,0,619725936,0,3480.276838061864,3480.276838061864,,,0.0
961,2018-06-27,36,0,45,0,1205247,0,1205247,0,4366896671,0,4366896671,0,3623.237951224936,3623.237951224936,,,0.0
962,2018-06-26,8,0,13,0,96497,0,96497,0,348735750,0,348735750,0,3613.954319823414,3613.954319823414,,,0.0
963,2018-06-25,37,1,42,0,751432,424987,1176419,0,2640202666,1487439565,4127642231,0,3513.5616609353874,3508.649750641566,3499.96485774859,,-424987.0
964,2018-06-24,50,1,49,0,779138,100408,879546,0,2609694669,334874320,2944568989,0,3349.463983273823,3347.8282989178506,3335.1358457493425,,-100408.0
965,2018-06-23,22,0,75,1,2782422,0,1835422,947000,8902406968,0,5964649623,2937757345,3199.517171730241,3249.7429054462677,,3102.1724868004226,947000.0
966,2018-06-20,43,1,59,1,1728468,200000,1428468,500000,5366765591,623545544,4445916134,1544395001,3104.9262069069255,3112.36662914395,3117.72772,3088.790002,300000.0
967,2018-06-19,35,1,53,3,1111476,500000,1458161,153315,3305136789,1480553565,4325961281,459729073,2973.646564568196,2966.724031845592,2961.10713,2998.59161204057,-346685.0
968,2018-06-18,48,0,33,0,566616,0,566616,0,1718059907,0,1718059907,0,3032.1415332429724,3032.1415332429724,,,0.0
969,2018-06-17,44,0,33,0,589505,0,589505,0,1876370326,0,1876370326,0,3182.959136902995,3182.959136902995,,,0.0
970,2018-06-13,5,0,12,0,165000,0,165000,0,500755420,0,500755420,0,3034.8813333333333,3034.8813333333333,,,0.0
971,2018-06-12,41,0,85,0,1906026,0,1906026,0,5510810011,0,5510810011,0,2891.256473416417,2891.256473416417,,,0.0
972,2018-06-11,72,0,56,1,2877054,0,1827020,1050034,7975923351,0,5072080095,2903843256,2772.2536146349703,2776.1491910323916,,2765.4754569852025,1050034.0
973,2018-06-10,49,1,42,0,4512605,200000,4712605,0,12131478544,538000000,12669478544,0,2688.3537433478,2688.4236094474286,2690.0,,-200000.0
974,2018-06-09,39,0,31,0,9108475,0,9108475,0,23332444279,0,23332444279,0,2561.6191820255312,2561.6191820255312,,,0.0
975,2018-06-03,25,0,60,0,1703939,0,1703939,0,4251013976,0,4251013976,0,2494.8158214583973,2494.8158214583973,,,0.0
976,2018-06-02,24,0,5,0,268985,0,268985,0,660163661,0,660163661,0,2454.276859304422,2454.276859304422,,,0.0
977,2018-05-30,21,0,18,0,100216,0,100216,0,254134080,0,254134080,0,2535.8633351959766,2535.8633351959766,,,0.0
978,2018-05-29,12,0,29,0,260287,0,260287,0,685973747,0,685973747,0,2635.451432457249,2635.451432457249,,,0.0
979,2018-05-28,19,0,27,0,1329249,0,1329249,0,3493141225,0,3493141225,0,2627.9058513491455,2627.9058513491455,,,0.0
980,2018-05-27,68,0,37,0,783931,0,783931,0,1981888073,0,1981888073,0,2528.1409626612544,2528.1409626612544,,,0.0
981,2018-05-26,39,0,18,0,307462,0,307462,0,809624567,0,809624567,0,2633.2508309970012,2633.2508309970012,,,0.0
982,2018-05-23,21,0,12,0,155861,0,155861,0,428484040,0,428484040,0,2749.142120222506,2749.142120222506,,,0.0
983,2018-05-22,31,0,20,0,328986,0,328986,0,906071726,0,906071726,0,2754.134601472403,2754.134601472403,,,0.0
984,2018-05-21,33,0,26,0,398108,0,398108,0,1114031192,0,1114031192,0,2798.314005244808,2798.314005244808,,,0.0
985,2018-05-20,36,0,29,0,975218,0,975218,0,2804974411,0,2804974411,0,2876.2537309606673,2876.2537309606673,,,0.0
986,2018-05-19,12,0,27,0,296939,0,296939,0,865935293,0,865935293,0,2916.2059985384203,2916.2059985384203,,,0.0
987,2018-05-16,23,0,23,0,227611,0,227611,0,647496114,0,647496114,0,2844.74877751954,2844.74877751954,,,0.0
988,2018-05-15,51,0,71,0,2340954,0,2340954,0,6620492038,0,6620492038,0,2828.117100122429,2828.117100122429,,,0.0
989,2018-05-14,37,0,58,1,1368539,0,1218539,150000,3784701862,0,3378808998,405892864,2765.505303100606,2772.836157070065,,2705.9524266666667,150000.0
990,2018-05-13,37,0,58,2,1526334,0,1026334,500000,4089390675,0,2738683889,1350706786,2679.2239935689045,2668.413877938371,,2701.413572,500000.0
991,2018-05-12,35,0,25,1,610935,0,560935,50000,1592996369,0,1460858579,132137790,2607.4727573309765,2604.327736725289,,2642.7558,50000.0
992,2018-05-09,18,1,39,0,642227,350000,992227,0,1658687790,940459876,2599147666,0,2582.7126389890177,2619.5091103144746,2687.028217142857,,-350000.0
993,2018-05-08,35,2,82,0,1688435,100000,1788435,0,4549745529,271198400,4820943929,0,2694.6524615990547,2695.6215512445237,2711.984,,-100000.0
994,2018-05-01,34,0,48,0,1248642,0,1248642,0,3242417482,0,3242417482,0,2596.7551003410103,2596.7551003410103,,,0.0
995,2018-04-30,89,1,44,0,2252058,167158,2419216,0,6143770845,450336317,6594107162,0,2728.0695457221796,2725.7207136526877,2694.0757666399454,,-167158.0
996,2018-04-29,71,0,120,1,7789127,0,7621969,167158,20992207674,0,20538373704,453833970,2695.065528396186,2694.6283439357994,,2715.0,167158.0
997,2018-04-28,41,0,34,0,1397629,0,1397629,0,3614550732,0,3614550732,0,2586.201869022466,2586.201869022466,,,0.0
998,2018-04-25,71,1,90,0,1929101,150000,2079101,0,5134288577,402625689,5536914266,0,2661.492880362407,2663.129047602786,2684.17126,,-150000.0
999,2018-04-24,17,0,58,0,1118843,0,1118843,0,2885749748,0,2885749748,0,2579.2267083049187,2579.2267083049187,,,0.0
1000,2018-04-23,50,1,73,0,1672502,300000,1972502,0,4138193733,723395668,4861589401,0,2474.253383852456,2464.6816079273935,2411.318893333333,,-300000.0
1001,2018-04-22,36,0,62,0,694449,0,694449,0,1738838856,0,1738838856,0,2503.911526980383,2503.911526980383,,,0.0
1002,2018-04-21,69,2,82,0,1220501,100000,1320501,0,3125695597,256996000,3382691597,0,2560.993884478587,2561.6728779455675,2569.96,,-100000.0
1003,2018-04-18,35,0,83,0,1444928,0,1444928,0,3537510453,0,3537510453,0,2448.2261074600256,2448.2261074600256,,,0.0
1004,2018-04-17,34,1,59,0,505400,100000,605400,0,1185828421,238318967,1424147388,0,2346.316622477246,2352.407314172448,2383.18967,,-100000.0
1005,2018-04-16,26,1,91,0,1028163,50000,1078163,0,2340124142,114881255,2455005397,0,2276.0244649924184,2277.0261982650118,2297.6251,,-50000.0
1006,2018-04-15,38,0,43,0,386944,0,386944,0,847413265,0,847413265,0,2190.015260606186,2190.015260606186,,,0.0
1007,2018-04-11,42,2,136,1,3608967,500000,3858967,250000,8155759418,1121159427,8704168845,572750000,2259.859793120857,2255.5696498570733,2242.318854,2291.0,-250000.0
1008,2018-04-10,39,1,55,0,628278,50000,678278,0,1369529851,110472532,1480002383,0,2179.815067533799,2181.9996859694697,2209.45064,,-50000.0
1009,2018-04-09,41,1,88,0,1512284,100000,1612284,0,3267331132,217100000,3484431132,0,2160.527474998082,2161.177020921872,2171.0,,-100000.0
1010,2018-04-08,21,2,89,0,1110123,200000,1310123,0,2295333986,413433900,2708767886,0,2067.6393390642297,2067.567614643816,2067.1695,,-200000.0
1011,2018-04-07,22,1,55,0,605629,50000,655629,0,1216203489,100000000,1316203489,0,2008.16587217587,2007.5431211859145,2000.0,,-50000.0
1012,2018-04-04,26,0,40,0,916105,0,916105,0,1880837326,0,1880837326,0,2053.08051587973,2053.08051587973,,,0.0
1013,2018-04-03,26,0,49,1,534868,0,488418,46450,1113870214,0,1017998706,95871508,2082.5142165917573,2084.2776187609793,,2063.9721851453173,46450.0
1014,2018-03-28,32,1,62,1,654298,50000,634298,70000,1393132293,106833240,1352000233,147965300,2129.2015152117233,2131.4906132448787,2136.6648,2113.79,20000.0
1015,2018-03-27,86,2,103,0,2075868,116450,2192318,0,4438815075,250092736,4688907811,0,2138.2935114371435,2138.7899980750967,2147.6404980678403,,-116450.0
1016,2018-03-26,57,0,100,0,1635774,0,1635774,0,3350639757,0,3350639757,0,2048.3512740757587,2048.3512740757587,,,0.0
1017,2018-03-25,52,1,93,0,2351982,100034,2452016,0,4615489639,200068000,4815557639,0,1962.3830620302367,1963.9177064913117,2000.0,,-100034.0
1018,2018-03-19,98,1,159,0,4121388,500000,4621388,0,8437899203,1045484606,9483383809,0,2047.3440508391834,2052.0639706079646,2090.969212,,-500000.0
1019,2018-03-18,8,0,40,0,835365,0,835365,0,1657735842,0,1657735842,0,1984.444933651757,1984.444933651757,,,0.0
1020,2018-03-17,53,0,138,1,2835390,0,2825390,10000,5382908862,0,5363708862,19200000,1898.4721191793722,1898.3959248103802,,1920.0,10000.0
1021,2018-03-14,25,1,125,0,2203129,500000,2703129,0,4028334032,914871987,4943206019,0,1828.4603543414844,1828.697786528131,1829.743974,,-500000.0
1022,2018-03-13,52,0,207,0,4471443,0,4471443,0,7857885424,0,7857885424,0,1757.3488969891823,1757.3488969891823,,,0.0
1023,2018-03-12,86,0,147,3,3515634,0,2548099,967535,6015114999,0,4339344379,1675770620,1710.9616640981399,1702.9732278847878,,1732.0,967535.0
1024,2018-03-11,28,1,58,0,743119,1517,744636,0,1226277020,2509118,1228786138,0,1650.1758399394982,1650.1836306598123,1654.0,,-1517.0
1025,2018-03-10,18,0,61,0,711216,0,711216,0,1158927327,0,1158927327,0,1629.5012021664304,1629.5012021664304,,,0.0
1026,2018-03-07,18,0,63,1,887448,0,887137,311,1419963235,0,1419469056,494179,1600.0523241925162,1600.0561987607325,,1589.0,311.0
1027,2018-03-06,12,0,40,0,455783,0,455783,0,722600367,0,722600367,0,1585.4043854202548,1585.4043854202548,,,0.0
1028,2018-03-05,46,0,17,0,442875,0,442875,0,688744073,0,688744073,0,1555.1658436353373,1555.1658436353373,,,0.0
1029,2018-03-04,51,1,42,1,1741882,10000,1651882,100000,2765566928,15400000,2621924288,159042640,1587.6890214147686,1587.2346136104152,1540.0,1590.4264,90000.0
1030,2018-03-03,35,0,39,0,635658,0,635658,0,1030005357,0,1030005357,0,1620.3766128956138,1620.3766128956138,,,0.0
1031,2018-02-28,34,0,67,0,676197,0,676197,0,1099653800,0,1099653800,0,1626.2328877531252,1626.2328877531252,,,0.0
1032,2018-02-27,26,0,76,0,859023,0,859023,0,1390231923,0,1390231923,0,1618.3873109334675,1618.3873109334675,,,0.0
1033,2018-02-26,27,0,37,0,1030839,0,1030839,0,1620185331,0,1620185331,0,1571.715205769281,1571.715205769281,,,0.0
1034,2018-02-25,22,0,19,0,153516,0,153516,0,240364975,0,240364975,0,1565.732399228745,1565.732399228745,,,0.0
1035,2018-02-24,20,0,39,0,311776,0,311776,0,496363565,0,496363565,0,1592.0518737811763,1592.0518737811763,,,0.0
1036,2018-02-21,21,0,26,0,199495,0,199495,0,316159107,0,316159107,0,1584.7971477981905,1584.7971477981905,,,0.0
1037,2018-02-19,16,0,12,0,163527,0,163527,0,257064106,0,257064106,0,1571.9979330630415,1571.9979330630415,,,0.0
1038,2018-02-18,18,0,32,0,685956,0,685956,0,1085771400,0,1085771400,0,1582.85866731977,1582.85866731977,,,0.0
1039,2018-02-17,33,0,58,0,692184,0,692184,0,1107939929,0,1107939929,0,1600.6436568889196,1600.6436568889196,,,0.0
1040,2018-02-14,44,0,41,0,545768,0,545768,0,853691649,0,853691649,0,1564.2024614854663,1564.2024614854663,,,0.0
1041,2018-02-13,42,0,20,0,352210,0,352210,0,544279099,0,544279099,0,1545.325513188155,1545.325513188155,,,0.0
1042,2018-02-12,58,0,23,0,940096,0,940096,0,1456857301,0,1456857301,0,1549.6899263479474,1549.6899263479474,,,0.0
1043,2018-02-10,80,0,30,0,784454,0,784454,0,1223672242,0,1223672242,0,1559.9031198770099,1559.9031198770099,,,0.0
1044,2018-02-07,65,0,65,0,835449,0,835449,0,1354796455,0,1354796455,0,1621.6387295933084,1621.6387295933084,,,0.0
1045,2018-02-06,85,0,127,0,1723886,0,1723886,0,2740966352,0,2740966352,0,1589.9928139099686,1589.9928139099686,,,0.0
1046,2018-02-05,55,0,31,0,631219,0,631219,0,977093682,0,977093682,0,1547.9471974069222,1547.9471974069222,,,0.0
1047,2018-02-04,33,0,38,0,508594,0,508594,0,787951005,0,787951005,0,1549.273103890333,1549.273103890333,,,0.0
1048,2018-02-03,24,0,22,0,213496,0,213496,0,326985105,0,326985105,0,1531.5748538614307,1531.5748538614307,,,0.0
1049,2018-01-31,47,0,27,0,444481,0,444481,0,684364424,0,684364424,0,1539.693314224905,1539.693314224905,,,0.0
1050,2018-01-30,81,0,34,0,1007721,0,1007721,0,1554518429,0,1554518429,0,1542.607952994926,1542.607952994926,,,0.0
1051,2018-01-29,37,0,23,0,488148,0,488148,0,755799066,0,755799066,0,1548.2990117751174,1548.2990117751174,,,0.0
1052,2018-01-28,36,0,16,0,235091,0,235091,0,361734130,0,361734130,0,1538.6983338366845,1538.6983338366845,,,0.0
1053,2018-01-27,23,0,11,0,101116,0,101116,0,156642844,0,156642844,0,1549.1400371850152,1549.1400371850152,,,0.0
1054,2018-01-24,40,0,34,0,418869,0,418869,0,652407704,0,652407704,0,1557.5459248595623,1557.5459248595623,,,0.0
1055,2018-01-23,103,0,34,0,1310468,0,1310468,0,2031544228,0,2031544228,0,1550.243293235699,1550.243293235699,,,0.0
1056,2018-01-22,16,0,18,1,199760,0,198760,1000,319464520,0,317854520,1610000,1599.2416900280336,1599.1875628899174,,1610.0,1000.0
1057,2018-01-21,27,1,35,0,261789,1000,262789,0,424366919,1620000,425986919,0,1621.0265480978956,1621.02264173919,1620.0,,-1000.0
1058,2018-01-20,44,0,24,0,481610,0,481610,0,765963352,0,765963352,0,1590.4224413944894,1590.4224413944894,,,0.0
1059,2018-01-17,76,0,26,0,846835,0,846835,0,1388707437,0,1388707437,0,1639.8795951985924,1639.8795951985924,,,0.0
1060,2018-01-16,45,0,48,0,524084,0,524084,0,896132678,0,896132678,0,1709.9027598629227,1709.9027598629227,,,0.0
1061,2018-01-15,34,0,77,0,976976,0,976976,0,1645455661,0,1645455661,0,1684.2334519988208,1684.2334519988208,,,0.0
1062,2018-01-14,22,0,27,0,266856,0,266856,0,443907349,0,443907349,0,1663.4714939892676,1663.4714939892676,,,0.0
1063,2018-01-13,17,0,71,0,620787,0,620787,0,1033366976,0,1033366976,0,1664.60795087526,1664.60795087526,,,0.0
1064,2018-01-10,29,0,20,0,170348,0,170348,0,268706376,0,268706376,0,1577.3967173080987,1577.3967173080987,,,0.0
1065,2018-01-09,42,1,42,0,370112,50000,420112,0,598351770,80886469,679238239,0,1616.6775732751166,1616.8027549796245,1617.72938,,-50000.0
1066,2018-01-08,35,1,40,0,369083,50000,419083,0,616110353,82454434,698564787,0,1669.3002739221258,1666.8888668831712,1649.08868,,-50000.0
1067,2018-01-07,13,0,44,2,523641,0,429971,93670,844408281,0,692756551,151651730,1612.5709808819402,1611.1704068413917,,1619.0,93670.0
1068,2018-01-06,33,1,48,1,722601,50000,768056,4545,1113510206,77477432,1183915618,7072020,1540.9751799402436,1541.4443972835313,1549.54864,1556.0,-45455.0
1069,2018-01-03,110,3,65,0,984263,248215,1232478,0,1459471555,366879859,1826351414,0,1482.8064805849656,1481.8531559995392,1478.0728763370464,,-248215.0
1070,2018-01-02,82,1,43,0,798116,50000,848116,0,1240111295,76050000,1316161295,0,1553.7983137789495,1551.864715439869,1521.0,,-50000.0
1071,2018-01-01,113,0,69,0,1510888,0,1510888,0,2404617286,0,2404617286,0,1591.5258351380116,1591.5258351380116,,,0.0
1072,2017-12-31,53,0,11,0,374636,0,374636,0,607480041,0,607480041,0,1621.5207321239816,1621.5207321239816,,,0.0
1073,2017-12-30,143,0,33,0,1220985,0,1220985,0,2081325924,0,2081325924,0,1704.6285777466553,1704.6285777466553,,,0.0
1074,2017-12-27,40,0,35,0,439931,0,439931,0,786606335,0,786606335,0,1788.0220648238019,1788.0220648238019,,,0.0
1075,2017-12-26,61,0,35,0,680455,0,680455,0,1197959405,0,1197959405,0,1760.5270076639895,1760.5270076639895,,,0.0
1076,2017-12-25,74,0,39,0,833536,0,833536,0,1464257992,0,1464257992,0,1756.6823652487715,1756.6823652487715,,,0.0
1077,2017-12-24,68,0,40,0,547147,0,547147,0,971130484,0,971130484,0,1774.8986725687978,1774.8986725687978,,,0.0
1078,2017-12-23,51,0,19,0,303693,0,303693,0,541795555,0,541795555,0,1784.023849742997,1784.023849742997,,,0.0
1079,2017-12-20,43,0,58,0,490647,0,490647,0,885259877,0,885259877,0,1804.2704367906051,1804.2704367906051,,,0.0
1080,2017-12-19,63,0,74,1,1171297,0,1114762,56535,2161841713,0,2057432569,104409144,1845.6819346416835,1845.6249576142711,,1846.80541257628,56535.0
1081,2017-12-18,68,0,37,0,801678,0,801678,0,1445141249,0,1445141249,0,1802.6455122879759,1802.6455122879759,,,0.0
1082,2017-12-17,96,0,63,0,586367,0,586367,0,1080080011,0,1080080011,0,1841.9863515511615,1841.9863515511615,,,0.0
1083,2017-12-16,119,0,89,1,2030431,0,1047818,982613,3709565589,0,1908435960,1801129629,1826.9843146602864,1821.342981319275,,1833.0,982613.0
1084,2017-12-13,149,0,64,0,1936692,0,1936692,0,3380544565,0,3380544565,0,1745.5251351273203,1745.5251351273203,,,0.0
1085,2017-12-12,100,0,25,0,758640,0,758640,0,1338450217,0,1338450217,0,1764.2758317515554,1764.2758317515554,,,0.0
1086,2017-12-11,53,0,37,0,517931,0,517931,0,935775102,0,935775102,0,1806.756309238103,1806.756309238103,,,0.0
1087,2017-12-10,61,0,51,0,542228,0,542228,0,977827826,0,977827826,0,1803.3517745302713,1803.3517745302713,,,0.0
1088,2017-12-09,81,0,24,0,693858,0,693858,0,1220253785,0,1220253785,0,1758.6505956550188,1758.6505956550188,,,0.0
1089,2017-12-05,72,0,27,1,682351,0,680566,1785,1240327787,0,1237007687,3320100,1817.7269279300535,1817.616053402609,,1860.0,1785.0
1090,2017-12-04,50,0,52,1,589182,0,571795,17387,1095069032,0,1062988105,32080927,1858.6260815842982,1859.0370762248708,,1845.1099672168862,17387.0
1091,2017-12-03,55,0,46,0,515511,0,515511,0,941324657,0,941324657,0,1826.0030474616449,1826.0030474616449,,,0.0
1092,2017-12-02,103,1,34,0,1019420,58320,1077740,0,1836616074,104976000,1941592074,0,1801.628449510506,1801.5403288362686,1800.0,,-58320.0
1093,2017-11-29,112,1,32,0,1323455,10000,1333455,0,2437479659,18200000,2455679659,0,1841.7548454613116,1841.5916990074656,1820.0,,-10000.0
1094,2017-11-28,54,0,44,1,715097,0,697710,17387,1363124417,0,1329897925,33226492,1906.2091114911684,1906.0898152527554,,1910.9962615747397,17387.0
1095,2017-11-26,79,0,59,0,1024957,0,1024957,0,1939649830,0,1939649830,0,1892.420686916622,1892.420686916622,,,0.0
1096,2017-11-25,188,0,77,0,2909554,0,2909554,0,5501322105,0,5501322105,0,1890.7784852936222,1890.7784852936222,,,0.0
1097,2017-11-22,181,0,55,0,3508494,0,3508494,0,6880523515,0,6880523515,0,1961.1045408656819,1961.1045408656819,,,0.0
1098,2017-11-21,97,0,37,0,1421387,0,1421387,0,2914759611,0,2914759611,0,2050.6446245814827,2050.6446245814827,,,0.0
1099,2017-11-20,42,0,34,0,533189,0,533189,0,1116086838,0,1116086838,0,2093.2293014296993,2093.2293014296993,,,0.0
1100,2017-11-18,47,0,38,0,776772,0,776772,0,1642839762,0,1642839762,0,2114.9574933185027,2114.9574933185027,,,0.0
1101,2017-11-15,104,0,34,0,1297216,0,1297216,0,2762660880,0,2762660880,0,2129.684555232128,2129.684555232128,,,0.0
1102,2017-11-14,32,0,31,0,832680,0,832680,0,1834486707,0,1834486707,0,2203.111287649517,2203.111287649517,,,0.0
1103,2017-11-13,40,0,32,0,943798,0,943798,0,2080826858,0,2080826858,0,2204.737515866743,2204.737515866743,,,0.0
1104,2017-11-12,49,0,45,1,871732,0,854283,17449,1946271428,0,1907730098,38541330,2232.6488278507613,2233.135972505598,,2208.798785030661,17449.0
1105,2017-11-11,26,0,56,0,778265,0,778265,0,1763669305,0,1763669305,0,2266.155236326958,2266.155236326958,,,0.0
1106,2017-11-08,77,0,83,0,1615647,0,1615647,0,3653679584,0,3653679584,0,2261.434325691194,2261.434325691194,,,0.0
1107,2017-11-07,75,0,53,0,1199855,0,1199855,0,2659736243,0,2659736243,0,2216.714722195599,2216.714722195599,,,0.0
1108,2017-11-06,52,0,45,0,962376,0,962376,0,2146560251,0,2146560251,0,2230.4798238941953,2230.4798238941953,,,0.0
1109,2017-11-05,99,0,122,0,2713777,0,2713777,0,6012255370,0,6012255370,0,2215.4566753274125,2215.4566753274125,,,0.0
1110,2017-11-04,135,0,77,0,2606274,0,2606274,0,5602278828,0,5602278828,0,2149.5356313265606,2149.5356313265606,,,0.0
1111,2017-11-01,34,0,49,0,1191681,0,1191681,0,2654229138,0,2654229138,0,2227.298360886848,2227.298360886848,,,0.0
1112,2017-10-31,33,0,60,0,1418838,0,1418838,0,3203022545,0,3203022545,0,2257.497011639102,2257.497011639102,,,0.0
1113,2017-10-30,44,0,70,0,820925,0,820925,0,1853198006,0,1853198006,0,2257.451053384901,2257.451053384901,,,0.0
1114,2017-10-29,52,0,90,0,1250399,0,1250399,0,2784389311,0,2784389311,0,2226.800654031233,2226.800654031233,,,0.0
1115,2017-10-28,72,0,64,0,1642293,0,1642293,0,3615564570,0,3615564570,0,2201.534421689674,2201.534421689674,,,0.0
1116,2017-10-25,70,0,118,0,1841794,0,1841794,0,4102304603,0,4102304603,0,2227.3417130254525,2227.3417130254525,,,0.0
1117,2017-10-24,98,0,105,0,1952209,0,1952209,0,4226447125,0,4226447125,0,2164.956275173406,2164.956275173406,,,0.0
1118,2017-10-23,220,0,108,0,4114774,0,4114774,0,8586999996,0,8586999996,0,2086.87038364683,2086.87038364683,,,0.0
1119,2017-10-22,145,0,69,0,2274410,0,2274410,0,4939915293,0,4939915293,0,2171.9546137239986,2171.9546137239986,,,0.0
1120,2017-10-21,81,0,58,1,1312586,0,1252586,60000,2964859234,0,2828765412,136093822,2258.792364081287,2258.3402752385864,,2268.2303666666667,60000.0
1121,2017-10-18,130,1,148,0,2554963,600000,3154963,0,5711553117,1384077716,7095630833,0,2235.4739058843516,2249.037732930624,2306.796193333333,,-600000.0
1122,2017-10-17,212,1,77,0,4908579,17449,4926028,0,11238899171,39696475,11278595646,0,2289.6441456885996,2289.592273125528,2275.0,,-17449.0
1123,2017-10-16,252,0,143,0,7196612,0,7196612,0,17227291582,0,17227291582,0,2393.8058050093573,2393.8058050093573,,,0.0
1124,2017-10-15,71,0,59,0,1157884,0,1157884,0,2745536559,0,2745536559,0,2371.1671972321924,2371.1671972321924,,,0.0
1125,2017-10-14,74,0,40,0,1328942,0,1328942,0,3165681944,0,3165681944,0,2382.1069271646165,2382.1069271646165,,,0.0
1126,2017-10-11,96,0,62,0,1516862,0,1516862,0,3625414099,0,3625414099,0,2390.0751017561256,2390.0751017561256,,,0.0
1127,2017-10-10,82,0,110,0,2965809,0,2965809,0,7094497276,0,7094497276,0,2392.0951335706377,2392.0951335706377,,,0.0
1128,2017-10-09,32,0,57,0,1008763,0,1008763,0,2339227888,0,2339227888,0,2318.907303301172,2318.907303301172,,,0.0
1129,2017-10-08,44,0,67,0,1622488,0,1622488,0,3735471340,0,3735471340,0,2302.310611850442,2302.310611850442,,,0.0
1130,2017-10-07,104,1,70,2,2032876,10000,1973876,69000,4613531839,23526000,4483362045,153695794,2269.4605273513976,2271.3493882087832,2352.6,2227.475275362319,59000.0
1131,2017-10-04,92,1,112,1,2533027,50000,2563863,19164,5848064793,116600000,5920779233,43885560,2308.7258023700497,2309.3196606058905,2332.0,2290.0,-30836.0
1132,2017-10-03,92,0,87,1,1910398,0,1909562,836,4243835220,0,4241936246,1898974,2221.440359548115,2221.418443601203,,2271.5,836.0
1133,2017-10-02,93,0,58,1,2070990,0,2035990,35000,4726369410,0,4645151894,81217516,2282.1787695739717,2281.5199946954554,,2320.500457142857,35000.0
1134,2017-09-27,155,0,105,0,3441309,0,3441309,0,8151317237,0,8151317237,0,2368.667631125249,2368.667631125249,,,0.0
1135,2017-09-26,151,0,193,0,5407981,0,5407981,0,12539269878,0,12539269878,0,2318.6601206624064,2318.6601206624064,,,0.0
1136,2017-09-25,234,0,145,1,6080367,0,6000288,80079,13747437195,0,13570845439,176591756,2260.955168495586,2261.699011614109,,2205.219295945254,80079.0
1137,2017-09-24,54,0,89,0,2820261,0,2820261,0,6493269453,0,6493269453,0,2302.3647290091235,2302.3647290091235,,,0.0
1138,2017-09-23,19,0,86,1,2554649,0,1554649,1000000,5604871723,0,3394871723,2210000000,2193.9889679560674,2183.6901596437524,,2210.0,1000000.0
1139,2017-09-20,100,0,64,1,2868871,0,2294521,574350,6039136005,0,4831852305,1207283700,2105.0566599195295,2105.8217837186935,,2102.0,574350.0
1140,2017-09-19,204,2,301,6,8740526,15000,7098581,1656945,19336958324,33376000,15712504464,3657829860,2212.3334824471663,2213.47118022602,2225.0666666666666,2207.5746992205536,1641945.0
1141,2017-09-18,35,0,105,3,2354997,0,1794997,560000,5183313397,0,3950753397,1232560000,2200.985137985314,2200.9805013601695,,2201.0,560000.0
1142,2017-09-17,32,0,82,1,1734758,0,1434758,300000,3637465765,0,3007465765,630000000,2096.8145211032315,2096.1484550007735,,2100.0,300000.0
1143,2017-09-16,83,1,126,1,3306396,9695,3310591,5500,6612296118,19603290,6620778408,11121000,1999.8500234091741,1999.8780906490715,2022.0,2022.0,-4195.0
1144,2017-09-13,97,1,216,3,5346125,100000,4592125,854000,10298829210,193000000,8843909210,1647920000,1926.4101026444387,1925.885991779405,1930.0,1929.6487119437938,754000.0
1145,2017-09-12,37,0,117,1,2791491,0,2616041,175450,5132396260,0,4808866460,323529800,1838.5859957993775,1838.2228948246607,,1844.0,175450.0
1146,2017-09-11,22,0,47,0,528333,0,528333,0,928207062,0,928207062,0,1756.8599008579815,1756.8599008579815,,,0.0
1147,2017-09-10,31,0,63,1,1064848,0,864848,200000,1856325895,0,1505725895,350600000,1743.27781523748,1741.0295161693152,,1753.0,200000.0
1148,2017-09-06,19,0,14,0,161962,0,161962,0,270256943,0,270256943,0,1668.6441449228832,1668.6441449228832,,,0.0
1149,2017-09-05,19,0,10,0,80638,0,80638,0,133962592,0,133962592,0,1661.2836627892557,1661.2836627892557,,,0.0
1150,2017-09-04,22,1,10,0,227590,19079,246669,0,381317834,31861930,413179764,0,1675.4595280987742,1675.0372523503156,1670.0,,-19079.0
1151,2017-09-03,16,0,24,0,234425,0,234425,0,396444125,0,396444125,0,1691.1341580462833,1691.1341580462833,,,0.0
1152,2017-09-02,35,0,14,0,357675,0,357675,0,612025778,0,612025778,0,1711.122605717481,1711.122605717481,,,0.0
1153,2017-08-30,48,0,51,0,718208,0,718208,0,1277117062,0,1277117062,0,1778.199438045803,1778.199438045803,,,0.0
1154,2017-08-29,47,0,42,0,449205,0,449205,0,777651670,0,777651670,0,1731.1732282588127,1731.1732282588127,,,0.0
1155,2017-08-28,14,0,21,0,252448,0,252448,0,430378654,0,430378654,0,1704.8210086829763,1704.8210086829763,,,0.0
1156,2017-08-27,39,0,25,0,545185,0,545185,0,920105412,0,920105412,0,1687.6939240808167,1687.6939240808167,,,0.0
1157,2017-08-26,39,0,30,2,500530,0,440530,60000,865318910,0,763166339,102152571,1728.80528639642,1732.3822191451206,,1702.54285,60000.0
1158,2017-08-23,54,0,33,0,497163,0,497163,0,870098296,0,870098296,0,1750.1268115286134,1750.1268115286134,,,0.0
1159,2017-08-22,106,0,107,0,2303273,0,2303273,0,4062915098,0,4062915098,0,1763.9746126490434,1763.9746126490434,,,0.0
1160,2017-08-21,66,0,77,2,1845754,0,1145700,700054,3210346260,0,1990152138,1220194122,1739.3142639810071,1737.0621785807803,,1743.0,700054.0
1161,2017-08-20,50,0,55,0,680341,0,680341,0,1129183903,0,1129183903,0,1659.732256324402,1659.732256324402,,,0.0
1162,2017-08-19,27,0,16,0,243684,0,243684,0,390671883,0,390671883,0,1603.190537745605,1603.190537745605,,,0.0
1163,2017-08-16,22,0,20,0,197655,0,197655,0,319118993,0,319118993,0,1614.525273835724,1614.525273835724,,,0.0
1164,2017-08-15,30,0,21,0,337659,0,337659,0,538442026,0,538442026,0,1594.6325316369473,1594.6325316369473,,,0.0
1165,2017-08-14,17,0,13,0,142343,0,142343,0,230150622,0,230150622,0,1616.873481660496,1616.873481660496,,,0.0
1166,2017-08-13,18,0,9,0,115436,0,115436,0,186548345,0,186548345,0,1616.032650126477,1616.032650126477,,,0.0
1167,2017-08-08,56,1,31,0,717455,17349,734804,0,1169195557,28285691,1197481248,0,1629.643053571304,1629.6607639588244,1630.3931638711165,,-17349.0
1168,2017-08-07,21,1,27,0,274078,10000,284078,0,462805330,16700000,479505330,0,1688.5898539831726,1687.9354613873654,1670.0,,-10000.0
1169,2017-08-06,50,0,32,0,872427,0,872427,0,1469476628,0,1469476628,0,1684.354826249073,1684.354826249073,,,0.0
1170,2017-08-02,58,0,23,0,772936,0,772936,0,1290435365,0,1290435365,0,1669.5242102839045,1669.5242102839045,,,0.0
1171,2017-08-01,33,2,22,0,301698,60000,361698,0,512791111,104817200,617608311,0,1699.6834947530313,1707.5248162831977,1746.9533333333334,,-60000.0
1172,2017-07-31,26,1,47,0,253584,105000,358584,0,431408298,181544550,612952848,0,1701.2441557826992,1709.3703232715347,1728.9957142857143,,-105000.0
1173,2017-07-30,29,0,25,0,374490,0,374490,0,636442627,0,636442627,0,1699.491647307004,1699.491647307004,,,0.0
1174,2017-07-29,36,1,22,0,269071,10000,279071,0,451462791,16880000,468342791,0,1677.8574837124775,1678.22092227426,1688.0,,-10000.0
1175,2017-07-26,136,0,26,0,1842877,0,1842877,0,3085728719,0,3085728719,0,1674.4083945917173,1674.4083945917173,,,0.0
1176,2017-07-25,56,0,28,0,830914,0,830914,0,1445362365,0,1445362365,0,1739.484910592432,1739.484910592432,,,0.0
1177,2017-07-24,76,0,35,0,1171626,0,1171626,0,2086045011,0,2086045011,0,1780.4700569977108,1780.4700569977108,,,0.0
1178,2017-07-23,21,0,27,0,343996,0,343996,0,628520628,0,628520628,0,1827.1160943731904,1827.1160943731904,,,0.0
1179,2017-07-22,36,0,35,0,316469,0,316469,0,575934708,0,575934708,0,1819.8771696437882,1819.8771696437882,,,0.0
1180,2017-07-19,40,0,48,0,802866,0,802866,0,1464389527,0,1464389527,0,1823.9525985656387,1823.9525985656387,,,0.0
1181,2017-07-18,53,0,71,1,1298314,0,1280314,18000,2373962109,0,2341346109,32616000,1828.4961180423227,1828.728037809475,,1812.0,18000.0
1182,2017-07-17,97,1,109,1,2152165,200000,2232165,120000,3887019480,362329080,4031308560,218040000,1806.0973391910006,1806.0083192774728,1811.6454,1817.0,-80000.0
1183,2017-07-16,75,1,45,0,937875,18000,955875,0,1623188076,31146000,1654334076,0,1730.708331067573,1730.7012695174578,1730.3333333333333,,-18000.0
1184,2017-07-15,29,0,37,0,846246,0,846246,0,1443289522,0,1443289522,0,1705.5200520888725,1705.5200520888725,,,0.0
1185,2017-07-12,96,1,31,0,1526450,120000,1646450,0,2529586115,198190000,2727776115,0,1657.1693242490746,1656.7621944182938,1651.5833333333333,,-120000.0
1186,2017-07-11,28,0,13,0,214542,0,214542,0,363723621,0,363723621,0,1695.3492602846995,1695.3492602846995,,,0.0
1187,2017-07-10,13,0,17,0,212790,0,212790,0,366329522,0,366329522,0,1721.5542177733917,1721.5542177733917,,,0.0
1188,2017-07-09,29,0,26,0,297429,0,297429,0,503672850,0,503672850,0,1693.422127633822,1693.422127633822,,,0.0
1189,2017-07-08,21,0,15,0,154604,0,154604,0,261916999,0,261916999,0,1694.1152816227263,1694.1152816227263,,,0.0
1190,2017-07-05,31,0,18,0,421020,0,421020,0,720254842,0,720254842,0,1710.7378319319748,1710.7378319319748,,,0.0
1191,2017-07-04,12,1,24,0,132427,6000,138427,0,232692126,10440000,243132126,0,1757.1350706426938,1756.3923656512097,1740.0,,-6000.0
1192,2017-07-03,20,0,30,0,657238,0,657238,0,1153954784,0,1153954784,0,1755.7639454809369,1755.7639454809369,,,0.0
1193,2017-07-02,12,0,22,0,240963,0,240963,0,413284639,0,413284639,0,1715.137340587559,1715.137340587559,,,0.0
1194,2017-07-01,27,1,19,0,309640,13386,323026,0,523161368,22674726,545836094,0,1689.5794083451751,1689.7590101106412,1693.9134917077545,,-13386.0
1195,2017-06-28,20,0,13,0,146612,0,146612,0,245112081,0,245112081,0,1671.8418751534664,1671.8418751534664,,,0.0
1196,2017-06-25,16,0,16,0,121715,0,121715,0,210084394,0,210084394,0,1726.0353612948281,1726.0353612948281,,,0.0
1197,2017-06-24,25,0,31,0,449280,0,449280,0,772113890,0,772113890,0,1718.5583377849002,1718.5583377849002,,,0.0
1198,2017-06-21,18,0,19,0,116743,0,116743,0,196023735,0,196023735,0,1679.1048285550312,1679.1048285550312,,,0.0
1199,2017-06-20,57,4,24,0,1122533,40000,1162533,0,1856583740,65880000,1922463740,0,1653.923528306072,1653.6853061375461,1647.0,,-40000.0
1200,2017-06-19,15,0,11,0,87460,0,87460,0,145908268,0,145908268,0,1668.2857077521153,1668.2857077521153,,,0.0
1201,2017-06-18,24,0,12,0,196021,0,196021,0,336693755,0,336693755,0,1717.6412476214284,1717.6412476214284,,,0.0
1202,2017-06-17,5,0,9,0,28064,0,28064,0,49498136,0,49498136,0,1763.7591220068416,1763.7591220068416,,,0.0
1203,2017-06-14,15,0,14,0,120039,0,120039,0,216878991,0,216878991,0,1806.7377352360484,1806.7377352360484,,,0.0
1204,2017-06-13,11,1,25,0,310423,10000,320423,0,555161997,17970000,573131997,0,1788.404844357538,1788.6730883862895,1797.0,,-10000.0
1205,2017-06-12,20,0,17,0,222209,0,222209,0,377899506,0,377899506,0,1700.648965613454,1700.648965613454,,,0.0
1206,2017-06-11,23,0,14,0,209189,0,209189,0,368156467,0,368156467,0,1759.9226871393812,1759.9226871393812,,,0.0
1207,2017-06-10,36,0,24,0,820682,0,820682,0,1452836909,0,1452836909,0,1770.2799732417673,1770.2799732417673,,,0.0
1208,2017-06-07,41,1,31,0,1205536,1000,1206536,0,2209542160,1950000,2211492160,0,1832.8296790805086,1832.9267920725117,1950.0,,-1000.0
1209,2017-06-06,32,1,45,1,921125,50000,921125,50000,1762269092,94553670,1761322762,95500000,1913.1704079250917,1912.1430446464922,1891.0734,1910.0,0.0
1210,2017-06-03,9,0,9,0,103499,0,103499,0,191525319,0,191525319,0,1850.5040531792579,1850.5040531792579,,,0.0
1211,2017-05-31,38,0,40,1,808456,0,758456,50000,1507243995,0,1413743995,93500000,1864.3488266522854,1863.9762820783276,,1870.0,50000.0
1212,2017-05-30,17,0,27,0,249170,0,249170,0,460567349,0,460567349,0,1848.4061042661638,1848.4061042661638,,,0.0
1213,2017-05-29,32,1,30,0,615538,20000,635538,0,1112066425,35400000,1147466425,0,1806.6576312104207,1805.5040375241135,1770.0,,-20000.0
1214,2017-05-28,38,0,22,0,389716,0,389716,0,721172507,0,721172507,0,1850.5078236459372,1850.5078236459372,,,0.0
1215,2017-05-27,33,0,24,0,475234,0,475234,0,890731147,0,890731147,0,1874.3001279369741,1874.3001279369741,,,0.0
1216,2017-05-24,30,1,30,0,592693,50000,642693,0,1130219983,95219386,1225439369,0,1906.9231170268588,1906.7258691163588,1904.38772,,-50000.0
1217,2017-05-23,39,1,30,1,699384,50000,649384,100000,1346087906,96750000,1252531114,190306792,1924.6764381226908,1928.798852450938,1935.0,1903.06792,50000.0
1218,2017-05-22,26,1,25,0,410726,241184,651910,0,799547481,467392680,1266940161,0,1946.668779186124,1943.428020739059,1937.9091482022025,,-241184.0
1219,2017-05-21,17,1,32,0,225582,104964,330546,0,442905116,203000448,645905564,0,1963.388550504916,1954.0565125580101,1934.0006859494683,,-104964.0
1220,2017-05-20,36,1,40,1,738710,351852,1084562,6000,1454991008,697470507,2140401515,12060000,1969.6376223416496,1973.51697275029,1982.28376419631,2010.0,-345852.0
1221,2017-05-17,42,0,41,2,785217,0,679217,106000,1505433275,0,1303490495,201942780,1917.2194119587325,1919.1075827018465,,1905.120566037736,106000.0
1222,2017-05-16,43,0,25,0,704426,0,704426,0,1305312167,0,1305312167,0,1853.0153160161606,1853.0153160161606,,,0.0
1223,2017-05-15,20,3,29,0,303885,236217,540102,0,572756081,446074244,1018830325,0,1884.7790479951298,1886.3665103998874,1888.408725874937,,-236217.0
1224,2017-05-14,46,1,40,0,715669,154508,870177,0,1372371220,295728312,1668099532,0,1917.6060720808084,1916.9657805251115,1914.0,,-154508.0
1225,2017-05-13,16,0,25,0,208442,0,208442,0,419700514,0,419700514,0,2013.5122192264514,2013.5122192264514,,,0.0
1226,2017-05-10,54,3,72,1,866083,563790,1388048,41825,1749710897,1137779325,2802107879,85382343,2020.2577547417511,2018.7398987643078,2018.0906454530943,2041.4188404064555,-521965.0
1227,2017-05-09,81,1,51,0,2050723,170000,2220723,0,4142356244,341190000,4483546244,0,2019.9491808498758,2018.9578997470644,2007.0,,-170000.0
1228,2017-05-08,94,0,140,2,3955884,0,3797709,158175,8354490242,0,8023635517,330854725,2111.914869596783,2112.75680074487,,2091.7004899636477,158175.0
1229,2017-05-07,92,0,109,0,2353649,0,2353649,0,5059808668,0,5059808668,0,2149.7719787444944,2149.7719787444944,,,0.0
1230,2017-05-06,111,0,135,1,4813790,0,4513790,300000,10165110883,0,9535110883,630000000,2111.6647969687087,2112.440074305628,,2100.0,300000.0
1231,2017-05-01,125,0,160,2,5170937,0,4445937,725000,9962009821,0,8575788821,1386221000,1926.5386178559127,1928.9047103006633,,1912.0289655172414,725000.0
1232,2017-04-30,73,0,139,4,4758287,0,3788469,969818,9572030451,0,7605239547,1966790904,2011.6547091421767,2007.4704443932364,,2028.0,969818.0
1233,2017-04-29,155,3,225,0,5683523,912400,6595923,0,11006837775,1736479300,12743317075,0,1936.6223687315069,1931.999065938156,1903.1995835160017,,-912400.0
1234,2017-04-26,101,1,195,6,7869522,4000,5771971,2101551,15725398239,7996000,11532393790,4201000449,1998.2659987480815,1997.9992605645455,1999.0,1999.0,2097551.0
1235,2017-04-24,12,1,86,1,2422950,615357,1038307,2000000,4613296800,1171639728,1976936528,3808000000,1904.0,1904.0,1904.0,1904.0,1384643.0
1236,2017-04-23,55,0,137,2,4134531,0,3852531,282000,7498551359,0,6986721359,511830000,1813.6401345158617,1813.5405942223438,,1815.0,282000.0
1237,2017-04-22,91,1,111,1,2326446,40000,2356446,10000,4022260510,69720000,4074750510,17230000,1728.929237987901,1729.193246949007,1743.0,1723.0,-30000.0
1238,2017-04-19,87,1,37,0,1245344,14305,1259649,0,2067444965,23689080,2091134045,0,1660.1396602063367,1660.0926488251887,1656.0,,-14305.0
1239,2017-04-18,45,1,51,0,871088,46082,917170,0,1472329551,76956940,1549286491,0,1690.219072011094,1689.203191338574,1670.0,,-46082.0
1240,2017-04-17,55,1,45,0,1065907,12700,1078607,0,1802771077,21386800,1824157877,0,1691.3024091219966,1691.216427299285,1684.0,,-12700.0
1241,2017-04-16,114,2,79,0,1556224,91379,1647603,0,2656724133,155512994,2812237127,0,1707.1604942476147,1706.8657479987594,1701.8460915527637,,-91379.0
1242,2017-04-15,170,1,116,0,3613579,55423,3669002,0,6404403958,99982853,6504386811,0,1772.3160218719447,1772.7945667513945,1803.9956877108782,,-55423.0
1243,2017-04-12,302,2,218,1,5836938,73099,5869614,40423,10327186842,124921268,10378704866,73403244,1769.281572290129,1768.209096202919,1708.932652977469,1815.8781881602058,-32676.0
1244,2017-04-10,165,1,255,2,6667559,569634,6218582,1018611,11635204505,990570830,10840380252,1785395083,1745.047101195505,1743.2238172625207,1738.9601568726587,1752.774202320611,448977.0
1245,2017-04-09,55,1,109,2,2737982,100000,2471747,366235,4571975267,167050000,4127078582,611946685,1669.8339386453235,1669.7010584012037,1670.5,1670.9126244078257,266235.0
1246,2017-04-08,47,0,90,0,2076361,0,2076361,0,3305440352,0,3305440352,0,1591.9391435304362,1591.9391435304362,,,0.0
1247,2017-04-05,60,0,46,1,855661,0,845661,10000,1313265149,0,1298014999,15250150,1534.7960804570969,1534.9117424121487,,1525.015,10000.0
1248,2017-04-04,74,1,46,0,1358885,11000,1369885,0,2074462012,17509500,2091971512,0,1526.5912950691193,1527.1146935691681,1591.7727272727273,,-11000.0
1249,2017-04-03,50,1,33,0,452323,4000,456323,0,706170959,6427500,712598459,0,1561.209487468026,1561.6097785998077,1606.875,,-4000.0
1250,2017-03-29,85,1,49,1,1207641,25000,832641,400000,1902398422,40110000,1315871422,626637000,1575.3012873859036,1580.3586683816916,1604.4,1566.5925,375000.0
1251,2017-03-28,101,4,117,0,2109055,395000,2504055,0,3421819674,641365385,4063185059,0,1622.4421240792678,1622.6420981168544,1623.709835443038,,-395000.0
1252,2017-03-27,37,0,60,0,779560,0,779560,0,1227068251,0,1227068251,0,1574.0523513263893,1574.0523513263893,,,0.0
1253,2017-03-26,50,0,64,0,847660,0,847660,0,1322353784,0,1322353784,0,1560.0049359412972,1560.0049359412972,,,0.0
1254,2017-03-25,18,1,21,0,126651,50500,177151,0,192604710,77931950,270536660,0,1520.7515929601818,1527.1528808756373,1543.2069306930694,,-50500.0
1255,2017-03-18,26,1,35,0,440485,151000,591485,0,671063466,232957349,904020815,0,1523.464967024984,1528.3917850833072,1542.7639006622517,,-151000.0
1256,2017-03-15,38,1,61,1,348153,402564,671418,79299,514696908,606591598,1004027079,117261427,1478.3641330104867,1495.3830236901601,1506.8202770242744,1478.725166773856,-323265.0
1257,2017-03-14,32,1,25,1,304213,60000,218512,145701,440810328,88499186,318709505,210600009,1449.0187072873282,1458.5446337043275,1474.9864333333333,1445.4259682500463,85701.0
1258,2017-03-13,35,3,35,0,418362,109418,527780,0,607160206,159925320,767085526,0,1451.2795282554343,1453.4190874985788,1461.5997367891937,,-109418.0
1259,2017-03-12,40,3,25,2,261843,361750,502796,120797,377127397,530148851,731142514,176133734,1440.2806147195074,1454.1534021750372,1465.5116821008985,1458.096922936828,-240953.0
1260,2017-03-11,72,1,42,0,745636,30000,775636,0,1072187578,44881000,1117068578,0,1437.9503913437657,1440.1969196891325,1496.0333333333333,,-30000.0
1261,2017-03-08,109,3,45,0,1400660,400000,1800660,0,2084982495,599060096,2684042591,0,1488.571455599503,1490.5882237623982,1497.65024,,-400000.0
1262,2017-03-07,46,3,37,1,496511,380000,588411,288100,753706977,582315352,897663934,438358395,1518.0066040832933,1525.5729991451553,1532.4088210526315,1521.5494446372786,-91900.0
1263,2017-03-06,67,1,31,1,683107,103012,531016,255103,1033671709,157431117,807872326,383230500,1513.1915044056057,1521.3709681064224,1528.2793946336349,1502.2579115102528,152091.0
1264,2017-03-05,70,1,47,0,669215,44956,714171,0,1016558454,67434000,1083992454,0,1519.031184298021,1517.8331996118577,1500.0,,-44956.0
1265,2017-03-04,185,2,52,0,3221223,539791,3761014,0,4876307789,818267480,5694575269,0,1513.8063365994842,1514.1063737066652,1515.8968563758935,,-539791.0
1266,2017-03-01,93,1,23,0,1020594,4610,1025204,0,1589699585,7150110,1596849695,0,1557.621919196076,1557.5921426369775,1551.0,,-4610.0
1267,2017-02-28,76,0,39,0,780275,0,780275,0,1225136441,0,1225136441,0,1570.1341719265642,1570.1341719265642,,,0.0
1268,2017-02-27,127,1,44,1,1966874,11625,1828499,150000,3139447454,18432900,2923548222,234332132,1596.1609406601542,1598.8787644948125,1585.625806451613,1562.2142133333334,138375.0
1269,2017-02-26,59,0,51,0,1017365,0,1017365,0,1629930394,0,1629930394,0,1602.1097580514368,1602.1097580514368,,,0.0
1270,2017-02-25,49,0,19,0,517025,0,517025,0,816105244,0,816105244,0,1578.4637957545574,1578.4637957545574,,,0.0
1271,2017-02-22,84,0,22,0,950204,0,950204,0,1520065447,0,1520065447,0,1599.7253716044133,1599.7253716044133,,,0.0
1272,2017-02-21,75,0,38,0,1451844,0,1451844,0,2358511191,0,2358511191,0,1624.4935344293187,1624.4935344293187,,,0.0
1273,2017-02-20,48,0,22,0,526964,0,526964,0,864138126,0,864138126,0,1639.84280899644,1639.84280899644,,,0.0
1274,2017-02-19,57,2,34,0,760264,60000,820264,0,1270403492,101235000,1371638492,0,1671.0030884008713,1672.1915041986483,1687.25,,-60000.0
1275,2017-02-18,82,2,116,0,2337253,91371,2428624,0,4046899204,158846242,4205745446,0,1731.4767395741924,1731.7400495095164,1738.4754681463485,,-91371.0
1276,2017-02-15,98,1,95,1,1712277,20000,1730777,1500,2871185753,33200000,2901850753,2535000,1676.8231734701803,1676.6173533621027,1660.0,1690.0,-18500.0
1277,2017-02-14,88,3,71,1,1781846,72500,1841346,13000,2900884246,119102472,2998466718,21520000,1628.0218638423298,1628.4102596687424,1642.7927172413793,1655.3846153846155,-59500.0
1278,2017-02-13,48,1,24,0,606657,50000,656657,0,964080257,79150000,1043230257,0,1589.1686026865264,1588.6989052123101,1583.0,,-50000.0
1279,2017-02-12,43,2,26,0,426093,172106,598199,0,687302086,278057140,965359226,0,1613.0330373885513,1613.7760611435326,1615.6156089851604,,-172106.0
1280,2017-02-11,42,0,20,0,369322,0,369322,0,603972182,0,603972182,0,1635.353924217891,1635.353924217891,,,0.0
1281,2017-02-08,44,1,41,1,988094,300000,1281094,7000,1651397338,513684205,2153188543,11893000,1671.295785623635,1680.742040006432,1712.2806833333334,1699.0,-293000.0
1282,2017-02-07,31,2,37,0,634203,34700,668903,0,1063539705,58225800,1121765505,0,1676.9704731765696,1677.0226849034912,1677.9769452449568,,-34700.0
1283,2017-02-06,45,1,59,0,1400544,67824,1468368,0,2319292470,110009550,2429302020,0,1655.9940066145725,1654.4231555032527,1621.9855803255484,,-67824.0
1284,2017-02-05,28,1,29,0,325459,163693,489152,0,517597360,261455455,779052815,0,1590.3611822072826,1592.659980946618,1597.2305168822124,,-163693.0
1285,2017-02-04,42,1,36,0,854156,6000,860156,0,1391489124,9720000,1401209124,0,1629.0807814965885,1629.0174386971667,1620.0,,-6000.0
1286,2017-02-01,117,2,117,2,3941743,206000,3943743,204000,6723983679,348446000,6720496303,351933376,1705.840202925457,1704.090835280088,1691.485436893204,1725.1636078431372,-2000.0
1287,2017-01-31,20,0,26,2,895895,0,195895,700000,1593797205,0,348497205,1245300000,1779.0,1779.0,,1779.0,700000.0
1288,2017-01-30,45,0,58,2,3345448,0,1131304,2214144,5669921655,0,1916947575,3752974080,1694.8168541253667,1694.458408173223,,1695.0,2214144.0
1289,2017-01-29,51,1,51,0,940180,10795,950975,0,1519152759,16969740,1536122499,0,1615.8105458529217,1615.3132301059438,1572.0,,-10795.0
1290,2017-01-28,39,0,33,0,578270,0,578270,0,934311929,0,934311929,0,1615.701884932644,1615.701884932644,,,0.0
1291,2017-01-25,38,0,48,1,700689,0,689689,11000,1140564344,0,1122856844,17707500,1627.7754381758525,1628.0625673310724,,1609.7727272727273,11000.0
1292,2017-01-24,24,1,51,1,702191,50000,742191,10000,1134968647,80950000,1199668647,16250000,1616.324685164008,1616.3880281490883,1619.0,1625.0,-40000.0
1293,2017-01-23,53,0,44,1,757458,0,747458,10000,1210351345,0,1194441345,15910000,1597.9121548653522,1598.0046303605018,,1591.0,10000.0
1294,2017-01-22,12,2,37,1,485120,150000,633120,2000,761427647,235243108,993502755,3168000,1569.5655652209762,1569.2171389310083,1568.2873866666666,1584.0,-148000.0
1295,2017-01-21,43,4,15,0,335485,186072,521557,0,506919608,280123940,787043548,0,1511.0052848860605,1509.026909810433,1505.45992948966,,-186072.0
1296,2017-01-18,22,2,12,0,105318,42428,147746,0,161653048,64515560,226168608,0,1534.904270874874,1530.793442800482,1520.5892335250307,,-42428.0
1297,2017-01-17,41,2,18,0,563791,133300,697091,0,877398139,204315900,1081714039,0,1556.2471536438147,1551.7544180028146,1532.7524381095275,,-133300.0
1298,2017-01-16,30,1,35,0,676046,10000,686046,0,1084252979,15800000,1100052979,0,1603.8153897811687,1603.4682499424237,1580.0,,-10000.0
1299,2017-01-15,18,0,15,0,162218,0,162218,0,252318408,0,252318408,0,1555.4279303159944,1555.4279303159944,,,0.0
1300,2017-01-14,33,3,42,0,424583,80000,504583,0,677227362,127931582,805158944,0,1595.041162740854,1595.6917771704557,1599.144775,,-80000.0
1301,2017-01-11,32,1,42,0,524131,10000,534131,0,823107018,15702318,838809336,0,1570.422314268761,1570.4187474608289,1570.2318,,-10000.0
1302,2017-01-09,29,2,34,0,462881,70000,532881,0,707672023,105780651,813452674,0,1528.8422359094454,1526.5184422037942,1511.152157142857,,-70000.0
1303,2017-01-08,28,4,37,0,546484,87879,634363,0,818649070,131759340,950408410,0,1498.029347611275,1498.209085334422,1499.3268016249615,,-87879.0
1304,2017-01-07,27,2,26,0,183270,228000,411270,0,274947991,343998018,618946009,0,1500.2345773994653,1504.962698470591,1508.7632368421052,,-228000.0
1305,2017-01-04,38,3,31,0,636013,153369,789382,0,962600599,232151164,1194751763,0,1513.49201824491,1513.5280041855528,1513.6772359472905,,-153369.0
1306,2017-01-03,19,2,10,1,323337,85916,309253,100000,486062367,128972134,464958489,150076012,1503.2686237578748,1503.4890170831002,1501.1422086689324,1500.76012,14084.0
1307,2017-01-02,33,3,21,0,572201,94000,666201,0,862848302,141372000,1004220302,0,1507.9461622751446,1507.3833602771535,1503.9574468085107,,-94000.0
1308,2017-01-01,28,0,25,0,357509,0,357509,0,535522114,0,535522114,0,1497.9262452134071,1497.9262452134071,,,0.0
1309,2016-12-31,29,1,18,0,327814,20000,347814,0,505064927,30600000,535664927,0,1540.7057874282368,1540.0901832588681,1530.0,,-20000.0
1310,2016-12-28,45,1,32,0,589834,21000,610834,0,903077505,31731000,934808505,0,1531.0706147831424,1530.3806025859726,1511.0,,-21000.0
1311,2016-12-27,43,2,17,1,811201,60000,861201,10000,1264830872,93500000,1342432802,15898070,1559.2077327320849,1558.791503957845,1558.3333333333333,1589.807,-50000.0
1312,2016-12-26,20,0,18,1,216843,0,206843,10000,345338458,0,329388458,15950000,1592.5736961764965,1592.4563944634335,,1595.0,10000.0
1313,2016-12-25,25,0,16,1,340194,0,320394,19800,543992074,0,512074474,31917600,1599.0642809690942,1598.2648676317285,,1612.0,19800.0
1314,2016-12-24,19,2,21,0,170380,28353,198733,0,274315166,46577690,320892856,0,1610.0197558398872,1614.693362451128,1642.7781892568687,,-28353.0
1315,2016-12-21,11,0,6,0,91274,0,91274,0,147262020,0,147262020,0,1613.406008282753,1613.406008282753,,,0.0
1316,2016-12-20,13,1,20,0,358406,2350,360756,0,578460367,3715350,582175717,0,1613.980700657913,1613.7658611360587,1581.0,,-2350.0
1317,2016-12-19,37,2,27,1,664643,50100,664743,50000,1084488108,80970000,1084458108,81000000,1631.6851422492978,1631.3945509768437,1616.1676646706587,1620.0,-100.0
1318,2016-12-18,19,0,13,0,203712,0,203712,0,339625315,0,339625315,0,1667.1836465205781,1667.1836465205781,,,0.0
1319,2016-12-14,22,0,13,0,282627,0,282627,0,474835895,0,474835895,0,1680.079734066455,1680.079734066455,,,0.0
1320,2016-12-13,12,0,15,0,245379,0,245379,0,418536240,0,418536240,0,1705.6726125707578,1705.6726125707578,,,0.0
1321,2016-12-12,107,6,61,6,4607214,3261470,1440235,6428449,8052468334,5677978400,2527713809,11202732925,1747.795594908333,1755.0703940676349,1740.926146798836,1742.6805322714702,3166979.0
1322,2016-12-11,17,1,17,1,236572,8600,205172,40000,403025016,14701580,348985298,68741298,1703.6040444346752,1700.9401770222057,1709.4860465116278,1718.53245,31400.0
1323,2016-12-10,57,1,24,0,680608,15000,695608,0,1140415976,25365000,1165780976,0,1675.5841482909398,1675.91657370243,1691.0,,-15000.0
1324,2016-12-07,81,1,40,1,1438526,2000,1390526,50000,2496918024,3526000,2414545854,85898170,1735.7475805094937,1736.426254525266,1763.0,1717.9634,48000.0
1325,2016-12-06,74,1,53,1,1961756,50000,1953625,58131,3531855621,89500000,3513508782,107846839,1800.354183190978,1798.4560916245441,1790.0,1855.2379797354251,8131.0
1326,2016-12-05,134,5,114,4,5032767,88328,3112102,2008993,9249894482,162284150,5707360826,3704817806,1837.9341785542624,1833.9247319014607,1837.2899873199892,1844.116831666412,1920665.0
1327,2016-12-04,79,2,81,1,4538183,105000,3555029,1088154,8018780506,185640000,6278387926,1926032580,1766.9583853273436,1766.0581463611127,1768.0,1770.0,983154.0
1328,2016-12-03,31,0,58,0,1752634,0,1752634,0,2954900894,0,2954900894,0,1685.9771600916106,1685.9771600916106,,,0.0
1329,2016-11-29,20,0,12,0,318175,0,318175,0,538723006,0,538723006,0,1693.1657295513476,1693.1657295513476,,,0.0
1330,2016-11-27,25,0,23,0,813465,0,813465,0,1375842395,0,1375842395,0,1691.3356997535236,1691.3356997535236,,,0.0
1331,2016-11-26,44,0,26,0,637071,0,637071,0,1075709310,0,1075709310,0,1688.5234298845812,1688.5234298845812,,,0.0
1332,2016-11-23,33,0,15,0,476904,0,476904,0,816995277,0,816995277,0,1713.1231379900357,1713.1231379900357,,,0.0
1333,2016-11-22,20,0,23,0,228547,0,228547,0,397335081,0,397335081,0,1738.5267844250855,1738.5267844250855,,,0.0
1334,2016-11-21,31,0,21,0,348360,0,348360,0,602368325,0,602368325,0,1729.1546819382247,1729.1546819382247,,,0.0
1335,2016-11-19,18,1,23,1,291621,24000,307959,7662,497735208,41288800,525776410,13247598,1706.7879473700455,1707.2935358278212,1720.3666666666666,1729.0,-16338.0
1336,2016-11-16,21,0,24,0,423383,0,423383,0,730629830,0,730629830,0,1725.6947728179923,1725.6947728179923,,,0.0
1337,2016-11-15,65,0,94,1,2821775,0,2627557,194218,4949793032,0,4603136132,346656900,1754.1416420515457,1751.8691819054734,,1784.8855409900216,194218.0
1338,2016-11-14,78,0,57,0,1945743,0,1945743,0,3363171330,0,3363171330,0,1728.476643626625,1728.476643626625,,,0.0
1339,2016-11-13,101,0,120,3,4446642,0,2869922,1576720,7935216194,0,5106063794,2829152400,1784.5412772154807,1779.164658133566,,1794.3277183012838,1576720.0
1340,2016-11-12,64,0,48,0,978258,0,978258,0,1672593494,0,1672593494,0,1709.7672536283885,1709.7672536283885,,,0.0
1341,2016-11-09,68,1,82,1,2041992,200000,2159134,82858,3504628048,326000000,3688092578,142535470,1716.2790294966876,1708.135103240466,1630.0,1720.2378768495498,-117142.0
1342,2016-11-08,132,0,136,4,7268777,0,4519482,2749295,12467373871,0,7751793596,4715580275,1715.1955371584518,1715.1951475854976,,1715.1961775655213,2749295.0
1343,2016-11-07,30,0,40,1,2333107,0,1333107,1000000,3814986431,0,2178986431,1636000000,1635.1527945353557,1634.5172825587144,,1636.0,1000000.0
1344,2016-11-06,15,1,45,0,831993,100000,931993,0,1292959813,159795000,1452754813,0,1554.0513117297862,1558.761506792433,1597.95,,-100000.0
1345,2016-11-05,36,1,10,0,636046,100000,736046,0,969069733,151400000,1120469733,0,1523.5843523896071,1522.2822119813163,1514.0,,-100000.0
1346,2016-11-02,12,1,16,1,250771,79244,230015,100000,396312570,129442916,367477269,158278217,1580.3763991849137,1597.6230637132362,1633.4727676543334,1582.78217,20756.0
1347,2016-11-01,20,0,18,0,237253,0,237253,0,376900014,0,376900014,0,1588.5995709221802,1588.5995709221802,,,0.0
1348,2016-10-31,35,0,22,0,595886,0,595886,0,955673332,0,955673332,0,1603.7855093088276,1603.7855093088276,,,0.0
1349,2016-10-30,47,0,21,0,696675,0,696675,0,1140148564,0,1140148564,0,1636.557310080023,1636.557310080023,,,0.0
1350,2016-10-29,24,1,30,0,379444,80139,459583,0,635473239,133401350,768874589,0,1674.748418738997,1672.983093369424,1664.6245897752656,,-80139.0
1351,2016-10-26,21,0,23,1,430401,0,400401,30000,710971003,0,660721003,50250000,1651.8804626383303,1650.1482338955198,,1675.0,30000.0
1352,2016-10-25,52,0,33,2,956085,0,897914,58171,1584099485,0,1485537656,98561829,1656.8605144940043,1654.4320012829737,,1694.3464784858434,58171.0
1353,2016-10-24,63,1,78,0,2368868,350000,2718868,0,4107527550,601318124,4708845674,0,1733.9621920681102,1731.91404437435,1718.0517828571428,,-350000.0
1354,2016-10-23,68,0,154,1,4359240,0,4108240,251000,7371747443,0,6954602803,417144640,1691.0625345243666,1692.8423857905088,,1661.9308366533865,251000.0
1355,2016-10-22,7,0,23,1,407627,0,207627,200000,664024383,0,338224383,325800000,1629.0,1629.0,,1629.0,200000.0
1356,2016-10-19,8,0,45,2,877163,0,555352,321811,1361640049,0,861454059,500185990,1552.322714250373,1551.1856606260533,,1554.2849374322195,321811.0
1357,2016-10-18,11,0,14,0,105157,0,105157,0,156319102,0,156319102,0,1486.5306351455442,1486.5306351455442,,,0.0
1358,2016-10-17,16,0,16,0,302889,0,302889,0,449704974,0,449704974,0,1484.7187385477848,1484.7187385477848,,,0.0
1359,2016-10-16,21,0,31,0,313429,0,313429,0,468818669,0,468818669,0,1495.7731065089702,1495.7731065089702,,,0.0
1360,2016-10-15,22,0,19,0,168477,0,168477,0,249577578,0,249577578,0,1481.3747751918659,1481.3747751918659,,,0.0
1361,2016-10-10,11,0,15,0,206035,0,206035,0,308590874,0,308590874,0,1497.7594777586332,1497.7594777586332,,,0.0
1362,2016-10-09,17,0,17,0,75303,0,75303,0,113985958,0,113985958,0,1513.697435693133,1513.697435693133,,,0.0
1363,2016-10-08,60,0,79,1,1227895,0,1127895,100000,1895960178,0,1740560178,155400000,1544.0735388612218,1543.1934515180935,,1554.0,100000.0
1364,2016-10-05,61,0,46,0,1069452,0,1069452,0,1582941673,0,1582941673,0,1480.1427955625873,1480.1427955625873,,,0.0
1365,2016-10-04,83,0,41,0,1388924,0,1388924,0,1973996461,0,1973996461,0,1421.2415229343003,1421.2415229343003,,,0.0
1366,2016-10-03,55,0,10,0,846518,0,846518,0,1248264478,0,1248264478,0,1474.5870471744252,1474.5870471744252,,,0.0
1367,2016-10-02,38,0,18,0,683838,0,683838,0,1047439833,0,1047439833,0,1531.707557930387,1531.707557930387,,,0.0
1368,2016-10-01,21,0,19,0,365575,0,365575,0,587173803,0,587173803,0,1606.1650906106818,1606.1650906106818,,,0.0
1369,2016-09-28,69,0,42,3,1160402,0,718029,442373,1921792555,0,1194272135,727520420,1656.1437803450874,1663.2644851391797,,1644.585948961623,442373.0
1370,2016-09-27,40,1,72,0,947862,70000,1017862,0,1566175360,113630000,1679805360,0,1652.3242412925088,1650.327215280657,1623.2857142857142,,-70000.0
1371,2016-09-26,26,1,44,0,575250,30000,605250,0,917864056,47985145,965849201,0,1595.591579313342,1595.7855448161918,1599.5048333333334,,-30000.0
1372,2016-09-25,11,1,11,0,79277,2500,81777,0,122602736,3854650,126457386,0,1546.5107912761582,1546.3686122014747,1541.86,,-2500.0
1373,2016-09-24,7,1,16,0,138401,15000,153401,0,217475450,23415000,240890450,0,1571.3430538796686,1570.331679715256,1561.0,,-15000.0
1374,2016-09-21,8,0,19,0,198238,0,198238,0,315670122,0,315670122,0,1592.3794731585267,1592.3794731585267,,,0.0
1375,2016-09-19,15,0,35,0,415940,0,415940,0,649351928,0,649351928,0,1561.1673029763908,1561.1673029763908,,,0.0
1376,2016-09-18,15,0,29,0,226036,0,226036,0,358150480,0,358150480,0,1584.4842414482648,1584.4842414482648,,,0.0
1377,2016-09-17,19,3,52,0,644221,706160,1350381,0,984807705,1060012085,2044819790,0,1528.6799172954622,1514.2539698055587,1501.0933570295683,,-706160.0
1378,2016-09-14,8,1,10,0,85099,8249,93348,0,125375459,12373500,137748959,0,1473.2894511098839,1475.6498157432404,1500.0,,-8249.0
1379,2016-09-13,8,2,24,0,303023,32330,335353,0,448319542,46594800,494914342,0,1479.490144312478,1475.8011468512284,1441.224868543149,,-32330.0
1380,2016-09-11,6,0,9,0,73317,0,73317,0,107568080,0,107568080,0,1467.1642320334984,1467.1642320334984,,,0.0
1381,2016-09-10,1,0,1,0,1000,0,1000,0,1520000,0,1520000,0,1520.0,1520.0,,,0.0
1382,2016-09-05,9,2,21,0,218171,59441,277612,0,318852314,86725073,405577387,0,1461.4789041623314,1460.950488451508,1459.0110025066872,,-59441.0
1383,2016-09-04,21,2,14,0,264926,590000,854926,0,387238897,855500000,1242738897,0,1461.6870258109811,1453.6215964890528,1450.0,,-590000.0
1384,2016-09-03,5,1,5,0,12907,119460,132367,0,19304428,179190000,198494428,0,1495.6556907104673,1499.5763898856967,1500.0,,-119460.0
1385,2016-08-31,12,1,12,1,101373,560633,650858,11148,155195804,852912241,991145587,16962458,1530.938257721484,1522.8292300317428,1521.337918031939,1521.569608898457,-549485.0
1386,2016-08-30,9,1,22,0,94360,498100,592460,0,145330751,762093000,907423751,0,1540.173283170835,1531.6202798501165,1530.0,,-498100.0
1387,2016-08-29,9,1,10,1,117000,317980,404980,30000,178319000,484979600,616048600,47250000,1524.094017094017,1521.182774457998,1525.1890055978363,1575.0,-287980.0
1388,2016-08-28,7,2,24,0,55250,771078,826328,0,84090800,1173102912,1257193712,0,1522.0054298642533,1521.4221374563128,1521.3803428446927,,-771078.0
1389,2016-08-27,5,1,14,0,27730,197394,225124,0,42589260,302260214,344849474,0,1535.8550306527227,1531.8201257973383,1531.2533005055877,,-197394.0
1390,2016-08-24,8,2,11,0,55138,34223,89361,0,84636960,52343413,136980373,0,1535.0023577206282,1532.887646736272,1529.4805540133827,,-34223.0
1391,2016-08-23,8,1,11,1,157571,160032,217603,100000,244913170,247901880,337402050,155413000,1554.3035837812795,1550.5395146206624,1549.0769346130774,1554.13,-60032.0
1392,2016-08-22,27,1,72,0,812663,29000,841663,0,1292974392,44506450,1337480842,0,1591.0339119659686,1589.0930716925895,1534.7051724137932,,-29000.0
1393,2016-08-21,32,2,31,0,476197,712038,1188235,0,733372347,1089623556,1822995903,0,1540.060829866631,1534.2048525754585,1530.2884902210276,,-712038.0
1394,2016-08-20,27,2,34,1,376106,893580,569686,700000,584320427,1377832412,881926081,1080226758,1553.6057042429527,1548.0915469223396,1541.9239598021443,1543.1810828571429,-193580.0
1395,2016-08-17,32,2,41,1,1077211,83056,1060267,100000,1695255856,129627360,1667619716,157263500,1573.7453999262912,1572.8299720730722,1560.722404161048,1572.635,16944.0
1396,2016-08-16,38,2,61,1,772957,537074,895031,415000,1234458762,848486650,1427245412,655700000,1597.0600719056818,1594.6323780964012,1579.8319226028443,1580.0,-122074.0
1397,2016-08-15,79,3,123,2,1940913,600584,2018597,522900,3086202196,960564486,3214251650,832515032,1590.077554223193,1592.3196408198366,1599.3840761658653,1592.1113635494357,-77684.0
1398,2016-08-14,61,2,81,1,830131,1004844,1777875,57100,1290918147,1553660486,2755389633,89189000,1555.077628711613,1549.8219126766505,1546.1708344777896,1561.9789842381786,-947744.0
1399,2016-08-13,124,2,95,2,3372006,801890,3903896,270000,5327431284,1251613520,6146544804,432500000,1579.8997048047956,1574.4642797861418,1560.829440446944,1601.851851851852,-531890.0
1400,2016-08-10,142,1,109,2,2782530,1282381,3654911,410000,4361658563,1991462767,5710393330,642728000,1567.5153773723914,1562.3891607757344,1552.941572746321,1567.629268292683,-872381.0
1401,2016-08-09,110,4,126,2,4322441,451999,3770935,1003505,6512222512,673149614,5658184011,1527188115,1506.6076117638158,1500.4724321686797,1489.272352372461,1521.8540166715661,551506.0
1402,2016-08-08,20,2,41,1,421167,738567,1009734,150000,612991230,1069970150,1466961380,216000000,1455.4588322446916,1452.8196336857034,1448.7110174161585,1440.0,-588567.0
1403,2016-08-07,85,2,79,1,2386339,460000,2596339,250000,3505894043,680134762,3816028805,370000000,1469.1517185948853,1469.7729398972938,1478.5538304347826,1480.0,-210000.0
1404,2016-08-06,58,3,115,3,2191460,532797,2526597,197660,3191010994,776818026,3679720242,288108778,1456.1119043925055,1456.393814288547,1458.0,1457.5977840736618,-335137.0
1405,2016-08-03,15,1,64,2,1360779,425000,1573622,212157,1890783656,589706175,2185865915,294623916,1389.4862104720899,1389.0666977202911,1387.5439411764705,1388.707023572166,-212843.0
1406,2016-08-02,16,1,39,0,359836,21467,381303,0,493292301,29568153,522860454,0,1370.8809040785247,1371.2466306323317,1377.377043834723,,-21467.0
1407,2016-08-01,18,2,19,0,98047,82567,180614,0,129575079,109099436,238674515,0,1321.5608738666149,1321.4618744947788,1321.3443143144355,,-82567.0
1408,2016-07-31,24,1,16,0,575193,30000,605193,0,779119303,40650000,819769303,0,1354.5354394090332,1354.5584681250443,1355.0,,-30000.0
1409,2016-07-27,43,2,95,1,1006827,179000,1085827,100000,1398651368,250076000,1509719368,139008000,1389.1675213318674,1390.3866527540758,1397.072625698324,1390.08,-79000.0
1410,2016-07-26,31,1,100,1,1220626,818947,1989573,50000,1633997913,1112523554,2678121467,68400000,1338.6556676656076,1346.0785138318624,1358.4805292650196,1368.0,-768947.0
1411,2016-07-25,8,0,13,0,164228,0,164228,0,212707856,0,212707856,0,1295.1984801617264,1295.1984801617264,,,0.0
1412,2016-07-24,11,1,15,0,203344,55772,259116,0,264720570,72353600,337074170,0,1301.8361495790384,1300.8620463421787,1297.3104783762462,,-55772.0
1413,2016-07-23,13,0,22,0,404282,0,404282,0,534465587,0,534465587,0,1322.0118308507429,1322.0118308507429,,,0.0
1414,2016-07-20,39,2,22,0,401809,60000,461809,0,519476366,78072598,597548964,0,1292.844027883895,1293.9309628006383,1301.2099666666666,,-60000.0
1415,2016-07-19,35,2,10,1,470165,30000,400165,100000,594286135,38913419,507065702,126133852,1263.9948422362363,1267.1415591068685,1297.1139666666666,1261.33852,70000.0
1416,2016-07-18,4,1,6,0,23609,10000,33609,0,30365742,13110000,43475742,0,1286.1934855351772,1293.5743997143622,1311.0,,-10000.0
1417,2016-07-17,8,2,12,0,131232,155873,287105,0,169036403,203946320,372982723,0,1288.0730538283347,1299.1160829661621,1308.4133878221373,,-155873.0
1418,2016-07-16,5,2,14,0,90704,24296,115000,0,120130470,32050128,152180598,0,1324.423068442406,1323.309547826087,1319.152453078696,,-24296.0
1419,2016-07-13,7,4,22,0,28758,474790,503548,0,37549567,618146429,655695996,0,1305.7085680506293,1302.1519219617594,1301.9364961351334,,-474790.0
1420,2016-07-12,6,1,15,1,156019,35000,191018,1,201965560,44450000,246414300,1260,1294.4933629878412,1290.0056539174318,1270.0,1260.0,-34999.0
1421,2016-07-11,25,3,7,0,288725,303614,592339,0,367580949,385807450,753388399,0,1273.1178422374232,1271.887211546091,1270.716930049339,,-303614.0
1422,2016-07-10,16,2,10,0,275528,160000,435528,0,357733124,207185000,564918124,0,1298.3548822624198,1297.087957605481,1294.90625,,-160000.0
1423,2016-07-09,11,3,15,0,330327,52285,382612,0,441888034,70988600,512876634,0,1337.7290805777307,1340.4614439693476,1357.7240126231234,,-52285.0
1424,2016-07-05,21,4,71,0,770171,502735,1272906,0,1042358041,680344788,1722702829,0,1353.411178816133,1353.3621720692652,1353.2870955871383,,-502735.0
1425,2016-07-04,7,2,24,0,149887,76883,226770,0,198332617,101322306,299654923,0,1323.214268081955,1321.4046081933236,1317.8765917042779,,-76883.0
1426,2016-07-03,13,2,14,0,142468,107461,249929,0,187077001,142343063,329420064,0,1313.1159348064127,1318.0545835017144,1324.6020695880366,,-107461.0
1427,2016-07-02,10,2,28,0,240771,114634,355405,0,322225256,152594220,474819476,0,1338.305925547512,1335.9954868389584,1331.1427674162987,,-114634.0
1428,2016-06-29,18,2,56,0,467780,120629,588409,0,623130869,159212712,782343581,0,1332.1024178032408,1329.5914593420564,1319.8543633786237,,-120629.0
1429,2016-06-28,18,4,29,0,188437,264400,452837,0,247999533,348242147,596241680,0,1316.0872493194013,1316.6805715964022,1317.103430408472,,-264400.0
1430,2016-06-26,20,2,41,0,424328,519925,944253,0,551371927,667464052,1218835979,0,1299.4002917554344,1290.7938645680765,1283.76987450113,,-519925.0
1431,2016-06-25,2,2,17,0,8418,183885,192303,0,10810310,238134143,248944453,0,1284.1898313138513,1294.5427424429156,1295.0166843407565,,-183885.0
1432,2016-06-22,19,3,35,0,359141,167000,526141,0,466719798,217283796,684003594,0,1299.5447414803657,1300.038571409565,1301.1005748502994,,-167000.0
1433,2016-06-21,11,2,16,0,149614,77315,226929,0,191993929,97832923,289826852,0,1283.261786998543,1277.1697403152527,1265.3808833990818,,-77315.0
1434,2016-06-20,2,1,14,1,57850,169036,216886,10000,73298800,213723920,274302720,12720000,1267.0492653414,1264.7322556550446,1264.3692467876665,1272.0,-159036.0
1435,2016-06-19,10,1,30,0,148939,307040,455979,0,189009749,387372225,576381974,0,1269.0413457858585,1264.0537700201105,1261.6343961698801,,-307040.0
1436,2016-06-18,2,2,13,0,22100,136308,158408,0,28278400,174712762,202991162,0,1279.5656108597284,1281.445141659512,1281.7498752824486,,-136308.0
1437,2016-06-15,8,1,21,0,160200,55100,215300,0,205966419,71324900,277291319,0,1285.6830149812733,1287.9299535531816,1294.4627949183302,,-55100.0
1438,2016-06-14,8,1,11,0,109537,5000,114537,0,136462750,6494975,142957725,0,1245.8141997681148,1248.1357552581262,1298.995,,-5000.0
1439,2016-06-13,28,2,44,0,1040655,106000,1146655,0,1339754342,134834425,1474588767,0,1287.4145052875353,1285.991660089565,1272.0228773584906,,-106000.0
1440,2016-06-12,42,0,19,0,990150,0,990150,0,1218708639,0,1218708639,0,1230.8323375246175,1230.8323375246175,,,0.0
1441,2016-06-11,37,0,33,0,745091,0,745091,0,949420141,0,949420141,0,1274.2338063404336,1274.2338063404336,,,0.0
1442,2016-06-08,33,2,61,0,742298,223274,965572,0,987096557,296107716,1283204273,0,1329.7847454795783,1328.9576261532025,1326.2077805745407,,-223274.0
1443,2016-06-07,42,3,75,0,926365,160113,1086478,0,1240063037,216803189,1456866226,0,1338.6333000491168,1340.9072489272678,1354.06362381568,,-160113.0
1444,2016-06-06,64,3,27,0,1364206,200000,1564206,0,1793659211,264383396,2058042607,0,1314.800851924123,1315.710722884326,1321.91698,,-200000.0
1445,2016-06-05,61,1,84,0,1193456,50000,1243456,0,1601602977,67925000,1669527977,0,1341.987452407127,1342.6514303682638,1358.5,,-50000.0
1446,2016-06-01,20,2,27,0,214406,100000,314406,0,276525450,131248806,407774256,0,1289.7281326082293,1296.9671571153222,1312.48806,,-100000.0
1447,2016-05-31,21,1,23,0,119762,67000,186762,0,153445613,89190000,242635613,0,1281.254596616623,1299.1701363232348,1331.1940298507463,,-67000.0
1448,2016-05-30,31,1,33,0,334369,50000,384369,0,434383704,65090000,499473704,0,1299.1147624331204,1299.4640670813724,1301.8,,-50000.0
1449,2016-05-29,40,1,62,0,657688,45000,702688,0,865572679,59100000,924672679,0,1316.0840383282043,1315.9078837264904,1313.3333333333333,,-45000.0
1450,2016-05-28,37,0,30,0,405801,0,405801,0,520424607,0,520424607,0,1282.4626035914155,1282.4626035914155,,,0.0
1451,2016-05-25,102,0,43,0,1454933,0,1454933,0,1857499616,0,1857499616,0,1276.690827687598,1276.690827687598,,,0.0
1452,2016-05-24,3,1,10,0,45034,250000,295034,0,58544200,332800000,391344200,0,1300.0,1326.4376309171146,1331.2,,-250000.0
1453,2016-05-16,107,0,99,1,4089889,0,3463159,626730,5353887969,0,4531589094,822298875,1309.0545902346005,1308.5131505657118,,1312.0464554114212,626730.0
1454,2016-05-15,45,0,20,0,1019023,0,1019023,0,1279275434,0,1279275434,0,1255.3940725577343,1255.3940725577343,,,0.0
1455,2016-05-14,29,0,19,1,284772,0,140918,143854,369334573,0,182581847,186752726,1296.9483411290437,1295.6602208376503,,1298.2101714238047,143854.0
1456,2016-05-11,44,0,25,1,848910,0,769494,79416,1087067574,0,984592102,102475472,1280.545139060678,1279.5318767917618,,1290.3630502669487,79416.0
1457,2016-05-10,45,0,32,0,1078452,0,1078452,0,1427959192,0,1427959192,0,1324.082288316958,1324.082288316958,,,0.0
1458,2016-05-09,35,0,39,0,548413,0,548413,0,726278039,0,726278039,0,1324.3268102689033,1324.3268102689033,,,0.0
1459,2016-05-08,58,1,49,1,1527018,10,1427028,100000,2024988043,13340,1892015304,132986079,1326.1062037251688,1325.8431537433044,1334.0,1329.86079,99990.0
1460,2016-05-07,22,0,34,0,543227,0,543227,0,756655918,0,756655918,0,1392.8908504179653,1392.8908504179653,,,0.0
1461,2016-04-26,17,0,19,0,292936,0,292936,0,394317826,0,394317826,0,1346.0886541770217,1346.0886541770217,,,0.0
1462,2016-04-25,35,0,39,3,554515,0,481676,72839,763926781,0,664583236,99343545,1377.6485415182638,1379.730848121974,,1363.878485426763,72839.0
1463,2016-04-24,35,1,85,3,1792087,400000,1642087,550000,2448586428,552000000,2245016428,755570000,1366.3323421240152,1367.1726455419232,1380.0,1373.7636363636364,150000.0
1464,2016-04-23,20,0,16,1,256351,0,253351,3000,336268423,0,332332423,3936000,1311.749995123873,1311.747034746261,,1312.0,3000.0
1465,2016-04-20,27,0,18,1,318289,0,298289,20000,420958006,0,394158006,26800000,1322.56536041145,1321.3963840436625,,1340.0,20000.0
1466,2016-04-19,56,1,24,0,712518,30340,742858,0,937398520,39442000,976840520,0,1315.6138090546485,1314.976105796801,1300.0,,-30340.0
1467,2016-04-18,55,0,27,1,846894,0,715857,131037,1142728805,0,967800690,174928115,1349.3173939123433,1351.946953092587,,1334.9520746048827,131037.0
1468,2016-04-17,57,1,59,0,1114059,183708,1297767,0,1464129203,239187816,1703317019,0,1314.2295004124558,1312.498329052904,1302.0,,-183708.0
1469,2016-04-16,27,0,15,0,158626,0,158626,0,211634648,0,211634648,0,1334.1737672260538,1334.1737672260538,,,0.0
1470,2016-04-13,46,1,52,0,792348,200000,992348,0,1108923764,279200000,1388123764,0,1399.5413177038372,1398.8275927396437,1396.0,,-200000.0
1471,2016-04-12,160,3,177,2,4400143,900000,5238777,61366,6460549219,1323650150,7692842767,91356602,1468.2589222668446,1468.4424946891231,1470.7223888888889,1488.7169116448847,-838634.0
1472,2016-04-11,52,1,106,5,2124461,1000000,1974461,1150000,3122569661,1473495690,2901815351,1694250000,1469.8173612036182,1469.674686408088,1473.49569,1473.2608695652175,150000.0
1473,2016-04-10,85,0,158,3,4879689,0,3339689,1540000,6855795078,0,4696895760,2158899318,1404.9655783391113,1406.3871695837547,,1401.882674025974,1540000.0
1474,2016-04-09,109,0,60,3,1790324,0,783311,1007013,2438421242,0,1069599644,1368821598,1361.9999743063267,1365.485284899612,,1359.2889049098671,1007013.0
1475,2016-04-06,68,0,66,2,1829494,0,806285,1023209,2446321206,0,1076342191,1369979015,1337.157271901411,1334.9401154678555,,1338.9043831709846,1023209.0
1476,2016-04-05,70,0,29,2,1489294,0,584489,904805,1967555556,0,773996675,1193558881,1321.133071106175,1324.2279580967306,,1319.133825520416,904805.0
1477,2016-04-04,85,1,33,2,1646731,100000,503227,1243504,2165509772,132179192,666613142,1631075822,1315.0355291787184,1324.6768198049788,1321.79192,1311.6771815772206,1143504.0
1478,2016-04-03,53,1,39,1,896015,50000,851891,94124,1172580848,66487000,1116118138,122949710,1308.662073737605,1310.1654296148215,1329.74,1306.2524967064724,44124.0
1479,2016-04-02,29,0,20,0,359180,0,359180,0,476204617,0,476204617,0,1325.8105044824322,1325.8105044824322,,,0.0
1480,2016-03-30,25,0,35,0,407947,0,407947,0,542664527,0,542664527,0,1330.2329150600447,1330.2329150600447,,,0.0
1481,2016-03-29,19,0,21,0,344439,0,344439,0,454502614,0,454502614,0,1319.544575381998,1319.544575381998,,,0.0
1482,2016-03-28,27,0,21,1,279267,0,264267,15000,373415210,0,353390210,20025000,1337.1261552564392,1337.246837478762,,1335.0,15000.0
1483,2016-03-27,15,0,20,0,230831,0,230831,0,310371928,0,310371928,0,1344.5851207160217,1344.5851207160217,,,0.0
1484,2016-03-26,19,0,25,1,407535,0,402535,5000,560079349,0,553249349,6830000,1374.3098114272393,1374.4130299228639,,1366.0,5000.0
1485,2016-03-16,50,0,48,0,701769,0,701769,0,920959550,0,920959550,0,1312.3400292688905,1312.3400292688905,,,0.0
1486,2016-03-15,28,0,37,0,369961,0,369961,0,500678562,0,500678562,0,1353.3279507840016,1353.3279507840016,,,0.0
1487,2016-03-14,105,1,91,1,1340595,10000,1026536,324059,1849901980,13771464,1415449646,448223798,1379.9111439323583,1378.8602114295065,1377.1464,1383.1549131485317,314059.0
1488,2016-03-12,111,0,57,2,1108287,0,728287,380000,1524686036,0,999896036,524790000,1375.7140848895638,1372.9423098311518,,1381.0263157894738,380000.0
1489,2016-03-09,49,0,30,0,391256,0,391256,0,523094815,0,523094815,0,1336.9630497679268,1336.9630497679268,,,0.0
1490,2016-03-08,36,1,39,0,254169,10000,264169,0,339405854,13338596,352744450,0,1335.3550354291829,1335.2984263861392,1333.8596,,-10000.0
1491,2016-03-07,91,0,42,0,1953527,0,1953527,0,2555944032,0,2555944032,0,1308.3740496036144,1308.3740496036144,,,0.0
1492,2016-03-06,88,0,50,0,1386608,0,1386608,0,1867259385,0,1867259385,0,1346.6382604167868,1346.6382604167868,,,0.0
1493,2016-03-05,57,0,44,2,733754,0,695372,38382,1017401743,0,963666943,53734800,1386.5706258500804,1385.8293733426137,,1400.0,38382.0
1494,2016-03-02,30,0,24,0,466613,0,466613,0,640610772,0,640610772,0,1372.895251525354,1372.895251525354,,,0.0
1495,2016-03-01,49,0,32,3,1239416,0,446735,792681,1728152754,0,628200707,1099952047,1394.328259438316,1406.2043650038613,,1387.6351861593755,792681.0
1496,2016-02-29,87,0,35,1,1724843,0,1524843,200000,2402845294,0,2128188107,274657187,1393.0805841459194,1395.6768709958992,,1373.285935,200000.0
1497,2016-02-28,76,0,47,0,1100685,0,1100685,0,1587295171,0,1587295171,0,1442.097576509174,1442.097576509174,,,0.0
1498,2016-02-27,139,0,71,3,2924327,0,1630483,1293844,4172514935,0,2314554951,1857959984,1426.8291251286194,1419.5517224037294,,1436.0,1293844.0
1499,2016-02-24,133,1,36,0,3443971,205586,3649557,0,4712363702,279596960,4991960662,0,1368.2936650744155,1367.8264682535441,1360.0,,-205586.0
1500,2016-02-23,27,1,35,0,578716,200000,778716,0,825077315,288979059,1114056374,0,1425.7033069761333,1430.632443663672,1444.895295,,-200000.0
1501,2016-02-22,59,0,29,0,854173,0,854173,0,1245388113,0,1245388113,0,1458.004541234621,1458.004541234621,,,0.0
1502,2016-02-21,21,0,11,0,164716,0,164716,0,241843088,0,241843088,0,1468.242842225406,1468.242842225406,,,0.0
1503,2016-02-20,46,0,37,0,1074204,0,1074204,0,1659895054,0,1659895054,0,1545.2326131721723,1545.2326131721723,,,0.0
1504,2016-02-17,11,0,29,0,358878,0,358878,0,562222474,0,562222474,0,1566.6117009122877,1566.6117009122877,,,0.0
1505,2016-02-16,25,1,20,0,1058098,450000,1508098,0,1660588182,701100000,2361688182,0,1569.408676701024,1566.0044519653231,1558.0,,-450000.0
1506,2016-02-15,27,4,54,1,796955,435000,731955,500000,1309299965,710410210,1195210175,824500000,1642.8781612512626,1632.9011687876987,1633.12691954023,1649.0,65000.0
1507,2016-02-14,10,1,30,0,292401,94414,386815,0,458909492,148909120,607818612,0,1569.452539491999,1571.3418869485413,1577.1932128709725,,-94414.0
1508,2016-02-13,24,1,29,0,318918,400000,718918,0,503212785,638217832,1141430617,0,1577.8751434538033,1587.7062710907223,1595.54458,,-400000.0
1509,2016-02-10,21,0,31,0,853859,0,853859,0,1365834569,0,1365834569,0,1599.6020057175717,1599.6020057175717,,,0.0
1510,2016-02-09,86,0,76,0,1781225,0,1781225,0,2870722380,0,2870722380,0,1611.656236578759,1611.656236578759,,,0.0
1511,2016-02-08,53,0,52,0,1115378,0,1115378,0,1723187578,0,1723187578,0,1544.935957137401,1544.935957137401,,,0.0
1512,2016-02-07,26,0,63,0,1785273,0,1785273,0,2824998141,0,2824998141,0,1582.3899991765966,1582.3899991765966,,,0.0
1513,2016-02-06,25,1,45,0,559176,130000,689176,0,874147946,204851800,1078999746,0,1563.2787279854642,1565.6374365909435,1575.783076923077,,-130000.0
1514,2016-02-03,13,1,37,0,483972,170000,653972,0,747683653,264999000,1012682653,0,1544.8903097699867,1548.510720642474,1558.8176470588235,,-170000.0
1515,2016-02-02,33,1,47,0,834541,40000,874541,0,1304937104,63640000,1368577104,0,1563.658470943908,1564.909025420192,1591.0,,-40000.0
1516,2016-02-01,49,2,51,0,1536267,225000,1761267,0,2367458473,346970000,2714428473,0,1541.0462328488472,1541.1794310573014,1542.088888888889,,-225000.0
1517,2016-01-31,110,1,64,0,1546059,20000,1566059,0,2393463226,31365000,2424828226,0,1548.1060075973814,1548.3632647301283,1568.25,,-20000.0
1518,2016-01-30,34,1,35,0,403147,150000,553147,0,610506253,231734825,842241078,0,1514.3514722917446,1522.635172928715,1544.8988333333334,,-150000.0
1519,2016-01-27,38,1,47,0,736248,290019,1026267,0,1168099620,449243611,1617343231,0,1586.5572741793526,1575.9478098779362,1549.0144128488134,,-290019.0
1520,2016-01-26,13,1,55,0,717660,131818,849478,0,1145861906,211266060,1357127966,0,1596.6640275339298,1597.6022522066492,1602.7102520141407,,-131818.0
1521,2016-01-25,51,2,151,0,2288123,1089750,3377873,0,3497865748,1660116254,5157982002,0,1528.7052960002588,1526.9910982443685,1523.3918366597843,,-1089750.0
1522,2016-01-24,108,2,84,1,2319585,268000,2576697,10888,3470650501,405923700,3859697801,16876400,1496.2376895004925,1497.9245914440075,1514.640671641791,1550.0,-257112.0
1523,2016-01-23,64,1,98,1,2263497,198072,2261569,200000,3452824259,298860920,3442885179,308800000,1525.4379656787705,1522.343637978766,1508.8499131628903,1544.0,1928.0
1524,2016-01-20,70,1,116,0,3720554,500000,4220554,0,5472891833,736993774,6209885607,0,1470.9884154349056,1471.3437162514683,1473.987548,,-500000.0
1525,2016-01-19,71,2,149,1,3105889,700000,3755889,50000,4356930746,985588372,5272119118,70400000,1402.7966698101575,1403.6940702986697,1407.9833885714286,1408.0,-650000.0
1526,2016-01-18,40,0,82,0,1617767,0,1617767,0,2170141950,0,2170141950,0,1341.4428344749274,1341.4428344749274,,,0.0
1527,2016-01-17,47,0,53,0,1665684,0,1665684,0,2138304695,0,2138304695,0,1283.7397099329764,1283.7397099329764,,,0.0
1528,2016-01-16,113,0,136,0,3922318,0,3922318,0,5245422697,0,5245422697,0,1337.3272378731149,1337.3272378731149,,,0.0
1529,2016-01-13,86,1,86,1,1233596,50000,1280596,3000,1593820886,63800000,1653747886,3873000,1292.0120412193296,1291.3892328259653,1276.0,1291.0,-47000.0
1530,2016-01-12,159,0,83,0,3318948,0,3318948,0,4369659159,0,4369659159,0,1316.5795785291002,1316.5795785291002,,,0.0
1531,2016-01-11,83,0,74,0,2818696,0,2818696,0,3855680223,0,3855680223,0,1367.8950206052727,1367.8950206052727,,,0.0
1532,2016-01-10,117,0,156,1,3466879,0,3460379,6500,4555186851,0,4546453851,8733000,1313.9157296807878,1313.8600861350737,,1343.5384615384614,6500.0
1533,2016-01-09,44,0,36,0,969955,0,969955,0,1302187929,0,1302187929,0,1342.524064518457,1342.524064518457,,,0.0
1534,2016-01-06,209,0,234,2,8296365,0,7296361,1000004,11693929580,0,10244924000,1449005580,1409.5244821075255,1404.1141878807805,,1448.9997840008639,1000004.0
1535,2016-01-05,80,0,109,1,4400152,0,4250152,150000,6073826156,0,5866676156,207150000,1380.3673500369987,1380.3450220133304,,1381.0,150000.0
1536,2016-01-04,9,0,20,0,344090,0,344090,0,456607430,0,456607430,0,1327.0,1327.0,,,0.0
1537,2016-01-03,70,1,107,0,2338442,150000,2488442,0,2951670622,193233338,3144903960,0,1262.2381149500393,1263.8044045229906,1288.2222533333334,,-150000.0
1538,2016-01-02,101,0,101,0,3503251,0,3503251,0,4301525457,0,4301525457,0,1227.866760617495,1227.866760617495,,,0.0
1539,2015-12-30,231,0,210,3,7132500,0,6783388,349112,8611622007,0,8185774315,425847692,1207.3777787592007,1206.7383311996896,,1219.8025046403448,349112.0
1540,2015-12-28,204,3,211,1,8377470,360000,8687470,50000,9889475928,426287000,10257949928,57813000,1180.4847917091915,1180.775292231225,1184.1305555555555,1156.26,-310000.0
1541,2015-12-27,57,0,98,3,3905176,0,1794272,2110904,4417913398,0,2028380070,2389533328,1131.2968731754984,1130.4752400973766,,1131.99526269314,2110904.0
1542,2015-12-26,79,0,115,0,2434881,0,2434881,0,2626635525,0,2626635525,0,1078.7531402972054,1078.7531402972054,,,0.0
1543,2015-12-23,45,1,30,0,595444,5000,600444,0,621255531,5251650,626507181,0,1043.348377009425,1043.4065141795072,1050.33,,-5000.0
1544,2015-12-22,40,1,22,0,431996,50000,481996,0,444719808,51100000,495819808,0,1029.453531977148,1028.6803375961626,1022.0,,-50000.0
1545,2015-12-21,73,0,25,0,911462,0,911462,0,930380608,0,930380608,0,1020.7563321345267,1020.7563321345267,,,0.0
1546,2015-12-20,43,0,22,0,508073,0,508073,0,525357785,0,525357785,0,1034.0202785820147,1034.0202785820147,,,0.0
1547,2015-12-19,55,0,17,0,963443,0,963443,0,1002042194,0,1002042194,0,1040.0638065770368,1040.0638065770368,,,0.0
1548,2015-12-16,25,0,22,2,311661,0,284277,27384,333677320,0,304371904,29305416,1070.6418833283599,1070.687758770495,,1070.1656441717791,27384.0
1549,2015-12-15,43,0,20,0,789272,0,789272,0,840182335,0,840182335,0,1064.50290267487,1064.50290267487,,,0.0
1550,2015-12-14,33,0,15,0,497370,0,497370,0,532650779,0,532650779,0,1070.934674387277,1070.934674387277,,,0.0
1551,2015-12-13,27,0,18,0,324175,0,324175,0,349314398,0,349314398,0,1077.548848615717,1077.548848615717,,,0.0
1552,2015-12-09,21,0,27,0,423559,0,423559,0,460913842,0,460913842,0,1088.1927712550082,1088.1927712550082,,,0.0
1553,2015-12-08,81,0,22,0,2199964,0,2199964,0,2352431971,0,2352431971,0,1069.3047572596643,1069.3047572596643,,,0.0
1554,2015-12-07,29,0,28,0,1000641,0,1000641,0,1101374001,0,1101374001,0,1100.6684725091216,1100.6684725091216,,,0.0
1555,2015-12-06,41,0,21,0,480417,0,480417,0,518828161,0,518828161,0,1079.9537922263366,1079.9537922263366,,,0.0
1556,2015-12-05,70,0,52,1,3038805,0,3021305,17500,3402541865,0,3382299365,20242500,1119.697336617519,1119.4829270795235,,1156.7142857142858,17500.0
1557,2015-12-01,107,0,217,2,9284950,0,9249429,35521,10757742178,0,10716541776,41200402,1158.6214441650197,1158.6165779530822,,1159.8885729568424,35521.0
1558,2015-11-30,28,0,93,0,2489249,0,2489249,0,2755746726,0,2755746726,0,1107.05948902661,1107.05948902661,,,0.0
1559,2015-11-29,32,0,32,0,811289,0,811289,0,860241661,0,860241661,0,1060.3393624220223,1060.3393624220223,,,0.0
1560,2015-11-28,45,0,18,0,925987,0,925987,0,980578523,0,980578523,0,1058.954956171091,1058.954956171091,,,0.0
1561,2015-11-25,46,0,8,0,802155,0,802155,0,855774057,0,855774057,0,1066.8437608691588,1066.8437608691588,,,0.0
1562,2015-11-24,15,0,11,0,159693,0,159693,0,172597136,0,172597136,0,1080.8058963135516,1080.8058963135516,,,0.0
1563,2015-11-23,18,1,34,0,711580,100000,811580,0,786633878,109950000,896583878,0,1105.4749683802243,1104.7387540353384,1099.5,,-100000.0
1564,2015-11-22,30,1,28,0,416638,100000,516638,0,450245444,109000000,559245444,0,1080.6634152429688,1082.4705964330924,1090.0,,-100000.0
1565,2015-11-21,31,0,30,0,404884,0,404884,0,444725835,0,444725835,0,1098.403085822112,1098.403085822112,,,0.0
1566,2015-11-18,20,0,58,0,988905,0,988905,0,1071753793,0,1071753793,0,1083.7783133870291,1083.7783133870291,,,0.0
1567,2015-11-17,53,1,19,0,595307,116793,712100,0,629062629,122216615,751279244,0,1056.7028927931303,1055.0193006600196,1046.437843021414,,-116793.0
1568,2015-11-16,37,1,17,0,367112,50000,417112,0,391344424,53500000,444844424,0,1066.0082590599054,1066.4867565545944,1070.0,,-50000.0
1569,2015-11-15,44,1,33,0,873286,50000,923286,0,943896430,54350000,998246430,0,1080.8560196774024,1081.188743249654,1087.0,,-50000.0
1570,2015-11-14,25,1,19,0,340191,50000,390191,0,366175800,53913800,420089600,0,1076.3829730945263,1076.6255500511288,1078.276,,-50000.0
1571,2015-11-11,55,1,25,0,1289276,50000,1339276,0,1385342631,53850000,1439192631,0,1074.5120757696568,1074.604958947969,1077.0,,-50000.0
1572,2015-11-10,51,0,47,0,981005,0,981005,0,1068914219,0,1068914219,0,1089.6113873017975,1089.6113873017975,,,0.0
1573,2015-11-09,52,0,19,0,891534,0,891534,0,964519784,0,964519784,0,1081.865396047711,1081.865396047711,,,0.0
1574,2015-11-08,31,0,16,0,269344,0,269344,0,293739584,0,293739584,0,1090.574076274207,1090.574076274207,,,0.0
1575,2015-11-07,13,0,19,0,257926,0,257926,0,288120350,0,288120350,0,1117.0659413940432,1117.0659413940432,,,0.0
1576,2015-11-04,28,2,33,1,333355,100000,383355,50000,371160533,110950000,426227169,55883364,1113.409227400219,1111.8341198106193,1109.5,1117.66728,-50000.0
1577,2015-11-03,31,1,17,0,576844,39111,615955,0,627503159,42982989,670486148,0,1087.821246298826,1088.531058275361,1099.0,,-39111.0
1578,2015-11-02,21,0,9,0,265238,0,265238,0,288997849,0,288997849,0,1089.5793551451904,1089.5793551451904,,,0.0
1579,2015-11-01,20,0,12,0,190698,0,190698,0,209889970,0,209889970,0,1100.640646467189,1100.640646467189,,,0.0
1580,2015-10-31,22,0,12,0,321363,0,321363,0,351986773,0,351986773,0,1095.2934002981053,1095.2934002981053,,,0.0
1581,2015-10-28,28,1,14,0,622392,50000,672392,0,692183355,56000000,748183355,0,1112.1340810935874,1112.7190017132864,1120.0,,-50000.0
1582,2015-10-27,9,0,36,0,272533,0,272533,0,312269530,0,312269530,0,1145.8044713851166,1145.8044713851166,,,0.0
1583,2015-10-26,19,0,39,0,582342,0,582342,0,656863643,0,656863643,0,1127.9688619402343,1127.9688619402343,,,0.0
1584,2015-10-25,16,0,25,0,363381,0,363381,0,398433187,0,398433187,0,1096.461254165738,1096.461254165738,,,0.0
1585,2015-10-21,15,0,10,0,222457,0,222457,0,244750896,0,244750896,0,1100.2166531059936,1100.2166531059936,,,0.0
1586,2015-10-20,20,1,33,0,316403,50000,366403,0,355723916,56340645,412064561,0,1124.2747887978305,1124.6211439316817,1126.8129,,-50000.0
1587,2015-10-19,33,0,38,1,870477,0,868477,2000,963880915,0,961666915,2214000,1107.3019907476016,1107.3026861966407,,1107.0,2000.0
1588,2015-10-18,76,0,24,0,1348711,0,1348711,0,1476136415,0,1476136415,0,1094.4794066334448,1094.4794066334448,,,0.0
1589,2015-10-17,33,2,39,0,730550,189905,920455,0,835320991,217026215,1052347206,0,1143.4138539456574,1143.2902271159371,1142.8146441641873,,-189905.0
1590,2015-10-14,22,0,40,0,849003,0,849003,0,957236824,0,957236824,0,1127.4834411656966,1127.4834411656966,,,0.0
1591,2015-10-13,11,1,16,0,195565,50000,245565,0,216818783,55911000,272729783,0,1108.6788689182624,1110.621558446847,1118.22,,-50000.0
1592,2015-10-12,12,0,16,0,377016,0,377016,0,419907051,0,419907051,0,1113.7645378445477,1113.7645378445477,,,0.0
1593,2015-10-11,12,0,29,0,275821,0,275821,0,307086069,0,307086069,0,1113.352750515733,1113.352750515733,,,0.0
1594,2015-10-10,29,0,15,0,259076,0,259076,0,280981701,0,280981701,0,1084.553185165743,1084.553185165743,,,0.0
1595,2015-10-07,24,0,26,0,301989,0,301989,0,336140723,0,336140723,0,1113.0892946431823,1113.0892946431823,,,0.0
1596,2015-10-06,34,0,15,0,431248,0,431248,0,475412399,0,475412399,0,1102.4106755277705,1102.4106755277705,,,0.0
1597,2015-10-05,11,0,15,0,173104,0,173104,0,197797207,0,197797207,0,1142.6495459377022,1142.6495459377022,,,0.0
1598,2015-10-04,28,0,30,0,907545,0,907545,0,1024075000,0,1024075000,0,1128.4013464897057,1128.4013464897057,,,0.0
1599,2015-10-03,41,0,66,0,833967,0,833967,0,964830648,0,964830648,0,1156.9170578691962,1156.9170578691962,,,0.0
1600,2015-09-30,28,1,40,0,733824,200000,933824,0,842566393,229700000,1072266393,0,1148.185931504012,1148.2531965338221,1148.5,,-200000.0
1601,2015-09-29,50,0,55,0,975509,0,975509,0,1105288793,0,1105288793,0,1133.0380273272722,1133.0380273272722,,,0.0
1602,2015-09-28,144,0,131,0,4281881,0,4281881,0,4991142266,0,4991142266,0,1165.6424515300635,1165.6424515300635,,,0.0
1603,2015-09-27,73,1,77,1,3259929,50000,2305001,1004928,3869902986,59450000,2734493594,1194859392,1187.1126598155972,1186.330762546307,1189.0,1189.0,954928.0
1604,2015-09-26,45,0,84,2,2342390,0,2333900,8490,2653998511,0,2644423651,9574860,1133.0301576594845,1133.049252752903,,1127.7809187279152,8490.0
1605,2015-09-23,19,0,30,1,417674,0,416674,1000,454386545,0,453286545,1100000,1087.897606745931,1087.8685615133174,,1100.0,1000.0
1606,2015-09-22,20,0,39,0,492374,0,492374,0,524218121,0,524218121,0,1064.6746599129929,1064.6746599129929,,,0.0
1607,2015-09-21,13,0,14,0,179258,0,179258,0,183934441,0,183934441,0,1026.0877673520847,1026.0877673520847,,,0.0
1608,2015-09-20,13,0,24,0,253699,0,253699,0,261555334,0,261555334,0,1030.9671461062126,1030.9671461062126,,,0.0
1609,2015-09-19,41,0,15,0,577066,0,577066,0,591077351,0,591077351,0,1024.2803266870687,1024.2803266870687,,,0.0
1610,2015-09-16,7,1,22,0,157860,50000,207860,0,165846732,52670000,218516732,0,1050.5937666286584,1051.2687963052053,1053.4,,-50000.0
1611,2015-09-15,17,0,13,0,178484,0,178484,0,187585895,0,187585895,0,1050.9955794356918,1050.9955794356918,,,0.0
1612,2015-09-14,8,0,9,0,111747,0,111747,0,118743990,0,118743990,0,1062.6145668340089,1062.6145668340089,,,0.0
1613,2015-09-13,23,2,30,1,440402,7423,446825,1000,461676935,7766705,468390640,1053000,1048.3079890645365,1048.2641750125888,1046.3027078000807,1053.0,-6423.0
1614,2015-09-12,42,0,28,0,909150,0,909150,0,985777748,0,985777748,0,1084.2850442721224,1084.2850442721224,,,0.0
1615,2015-09-09,60,0,53,0,1239959,0,1239959,0,1405906311,0,1405906311,0,1133.8329017330411,1133.8329017330411,,,0.0
1616,2015-09-08,46,0,75,0,1303537,0,1303537,0,1457425577,0,1457425577,0,1118.0546290592442,1118.0546290592442,,,0.0
1617,2015-09-07,22,0,31,0,244742,0,244742,0,264702045,0,264702045,0,1081.5554543151563,1081.5554543151563,,,0.0
1618,2015-09-06,29,1,42,0,596206,50000,646206,0,641981715,53500000,695481715,0,1076.7783534550138,1076.253880341563,1070.0,,-50000.0
1619,2015-09-05,19,1,48,0,498276,50000,548276,0,528622195,52310000,580932195,0,1060.9023814111056,1059.5615985379627,1046.2,,-50000.0
1620,2015-09-02,17,0,32,0,312550,0,312550,0,318857509,0,318857509,0,1020.1807998720204,1020.1807998720204,,,0.0
1621,2015-09-01,20,0,12,0,485459,0,485459,0,490694052,0,490694052,0,1010.783716029572,1010.783716029572,,,0.0
1622,2015-08-31,12,0,12,0,101512,0,101512,0,102411922,0,102411922,0,1008.865178501064,1008.865178501064,,,0.0
1623,2015-08-30,17,0,11,0,289048,0,289048,0,289958286,0,289958286,0,1003.149255486978,1003.149255486978,,,0.0
1624,2015-08-29,10,0,11,0,67665,0,67665,0,69328633,0,69328633,0,1024.5863149338654,1024.5863149338654,,,0.0
1625,2015-08-26,9,0,5,0,27493,0,27493,0,27578904,0,27578904,0,1003.1245771650965,1003.1245771650965,,,0.0
1626,2015-08-25,36,0,17,0,725520,0,725520,0,720783302,0,720783302,0,993.4713060976954,993.4713060976954,,,0.0
1627,2015-08-24,6,0,7,0,45220,0,45220,0,46298600,0,46298600,0,1023.8522777532065,1023.8522777532065,,,0.0
1628,2015-08-23,31,0,14,0,794609,0,794609,0,823210819,0,823210819,0,1035.9948339371942,1035.9948339371942,,,0.0
1629,2015-08-22,15,0,31,1,451153,0,446153,5000,485855577,0,480480577,5375000,1076.9197522791603,1076.9412667851611,,1075.0,5000.0
1630,2015-08-19,16,0,39,0,605416,0,605416,0,642190533,0,642190533,0,1060.7425852636864,1060.7425852636864,,,0.0
1631,2015-08-18,37,0,33,0,641406,0,641406,0,653561759,0,653561759,0,1018.9517388362441,1018.9517388362441,,,0.0
1632,2015-08-17,7,0,18,0,266726,0,266726,0,276583487,0,276583487,0,1036.9573532389043,1036.9573532389043,,,0.0
1633,2015-08-16,13,0,21,0,260682,0,260682,0,269461120,0,269461120,0,1033.677507461198,1033.677507461198,,,0.0
1634,2015-08-15,15,0,16,0,274186,0,274186,0,281217304,0,281217304,0,1025.6442852662062,1025.6442852662062,,,0.0
1635,2015-08-12,37,0,10,0,274457,0,274457,0,281892445,0,281892445,0,1027.0914751673304,1027.0914751673304,,,0.0
1636,2015-08-10,10,0,19,0,225902,0,225902,0,241862402,0,241862402,0,1070.6518844454674,1070.6518844454674,,,0.0
1637,2015-08-09,40,0,14,1,391839,0,331839,60000,414471622,0,350863226,63608396,1057.7600034708132,1057.3296869867615,,1060.1399333333334,60000.0
1638,2015-08-08,70,0,20,0,1498115,0,1498115,0,1612732167,0,1612732167,0,1076.507589203766,1076.507589203766,,,0.0
1639,2015-08-05,24,1,37,0,354735,53967,408702,0,396227762,60494825,456722587,0,1116.96833410856,1117.4953560295767,1120.9595678840774,,-53967.0
1640,2015-08-04,17,0,10,0,137466,0,137466,0,147489269,0,147489269,0,1072.9145315932667,1072.9145315932667,,,0.0
1641,2015-08-03,19,0,15,0,130506,0,130506,0,141662616,0,141662616,0,1085.4873798905796,1085.4873798905796,,,0.0
1642,2015-08-02,37,0,16,0,252716,0,252716,0,273532601,0,273532601,0,1082.3715198087973,1082.3715198087973,,,0.0
1643,2015-08-01,13,1,9,0,119273,2000,121273,0,131794955,2206000,134000955,0,1104.9856631425384,1104.9529161478647,1103.0,,-2000.0
1644,2015-07-29,17,1,25,0,431203,16033,447236,0,483233020,18117290,501350310,0,1120.6624721998687,1120.9972139988731,1130.0,,-16033.0
1645,2015-07-28,20,1,23,0,231744,100000,331744,0,256512269,112650095,369162364,0,1106.877714201878,1112.7928884923315,1126.50095,,-100000.0
1646,2015-07-27,29,1,22,0,632794,1000,633794,0,714178363,1140000,715318363,0,1128.6111483357934,1128.6291176628367,1140.0,,-1000.0
1647,2015-07-26,62,2,49,0,1137404,247000,1384404,0,1297701874,281580000,1579281874,0,1140.9331020464144,1140.7666215931188,1140.0,,-247000.0
1648,2015-07-25,15,1,16,0,162247,3000,165247,0,189823073,3477000,193300073,0,1169.963530912744,1169.764491942365,1159.0,,-3000.0
1649,2015-07-22,90,1,72,0,2585529,240000,2825529,0,3157499680,288800000,3446299680,0,1221.219982448466,1219.7006932153236,1203.3333333333333,,-240000.0
1650,2015-07-21,48,1,66,0,1359211,200000,1559211,0,1677882134,241988419,1919870553,0,1234.4530275284706,1231.3090101339717,1209.942095,,-200000.0
1651,2015-07-20,38,0,114,0,2203209,0,2203209,0,2656246645,0,2656246645,0,1205.6262683204363,1205.6262683204363,,,0.0
1652,2015-07-15,34,0,55,0,1705061,0,1705061,0,1991448148,0,1991448148,0,1167.962992526367,1167.962992526367,,,0.0
1653,2015-07-14,34,0,114,1,2851670,0,2791670,60000,3373309470,0,3301969470,71340000,1182.924205816241,1182.793621738959,,1189.0,60000.0
1654,2015-07-13,42,0,104,0,2679099,0,2679099,0,3035388828,0,3035388828,0,1132.98867567044,1132.98867567044,,,0.0
1655,2015-07-12,41,0,43,0,682492,0,682492,0,743553677,0,743553677,0,1089.468707325507,1089.468707325507,,,0.0
1656,2015-07-11,30,0,36,0,558910,0,558910,0,600134467,0,600134467,0,1073.758685656009,1073.758685656009,,,0.0
1657,2015-07-07,70,0,36,0,1477814,0,1477814,0,1612618494,0,1612618494,0,1091.218850274798,1091.218850274798,,,0.0
1658,2015-07-06,52,1,29,0,1236134,10000,1246134,0,1349850221,10780000,1360630221,0,1091.9934416495298,1091.8811468108565,1078.0,,-10000.0
1659,2015-07-05,37,0,33,0,563969,0,563969,0,617062948,0,617062948,0,1094.1433802212532,1094.1433802212532,,,0.0
1660,2015-07-04,67,0,68,0,1823301,0,1823301,0,2040048925,0,2040048925,0,1118.876655582375,1118.876655582375,,,0.0
1661,2015-07-01,82,1,57,0,1519255,50000,1569255,0,1650516971,53850000,1704366971,0,1086.3989067009818,1086.0994363567424,1077.0,,-50000.0
1662,2015-06-30,82,0,125,1,3235119,0,3185119,50000,3666466136,0,3609716136,56750000,1133.3326953351639,1133.3065219855207,,1135.0,50000.0
1663,2015-06-29,51,0,64,1,2114470,0,1912170,202300,2285276034,0,2065578234,219697800,1080.7795967783888,1080.227298828033,,1086.0,202300.0
1664,2015-06-28,24,1,17,0,337226,2300,339526,0,346467440,2325300,348792740,0,1027.4042926701975,1027.2931675335615,1011.0,,-2300.0
1665,2015-06-27,46,0,42,0,1060363,0,1060363,0,1119997885,0,1119997885,0,1056.24006590196,1056.24006590196,,,0.0
1666,2015-06-24,51,0,95,0,2102911,0,2102911,0,2216657852,0,2216657852,0,1054.0901883151498,1054.0901883151498,,,0.0
1667,2015-06-23,47,0,53,1,1656166,0,1331069,325097,1684203264,0,1353254518,330948746,1016.9290179849121,1016.6674439867505,,1018.0,325097.0
1668,2015-06-22,26,1,25,1,580316,147615,704131,23800,561598389,144583855,682885944,23296300,967.7458298582152,969.8279780324968,979.4658740642889,978.8361344537815,-123815.0
1669,2015-06-21,38,1,13,0,375519,67500,443019,0,359847042,64427400,424274442,0,958.2658720331062,957.6890426821423,954.48,,-67500.0
1670,2015-06-20,39,1,13,0,450572,2000,452572,0,437273676,1952000,439225676,0,970.4856848627966,970.5100536489222,976.0,,-2000.0
1671,2015-06-17,28,0,24,0,420705,0,420705,0,425449186,0,425449186,0,1011.2767521184678,1011.2767521184678,,,0.0
1672,2015-06-16,9,0,15,0,181869,0,181869,0,180467230,0,180467230,0,992.2924192688143,992.2924192688143,,,0.0
1673,2015-06-15,15,1,8,1,117225,17650,84875,50000,115883081,17158800,82591881,50450000,988.5526210279377,973.1002179675994,972.1699716713881,1009.0,32350.0
1674,2015-06-14,23,1,21,0,209873,13200,223073,0,208798578,13006700,221805278,0,994.8806087491007,994.3170083335948,985.3560606060606,,-13200.0
1675,2015-06-13,16,1,11,0,183200,1000,184200,0,181380102,1008000,182388102,0,990.066058951965,990.1634201954397,1008.0,,-1000.0
1676,2015-06-10,23,1,19,0,459726,10000,469726,0,453057624,9850000,462907624,0,985.4948904347372,985.4843547089154,985.0,,-10000.0
1677,2015-06-09,11,0,8,0,132965,0,132965,0,132903735,0,132903735,0,999.5392396495319,999.5392396495319,,,0.0
1678,2015-06-08,26,1,17,0,202251,21000,223251,0,207598256,21453000,229051256,0,1026.4387122931407,1025.9808735459192,1021.5714285714286,,-21000.0
1679,2015-06-07,27,1,21,1,248870,18000,265870,1000,265345172,18781000,283058172,1068000,1066.199911600434,1064.6487832399293,1043.388888888889,1068.0,-17000.0
1680,2015-06-06,55,1,96,0,1636126,11000,1647126,0,1773270149,11659000,1784929149,0,1083.822486165491,1083.6627853606828,1059.909090909091,,-11000.0
1681,2015-06-02,26,0,37,0,1128116,0,1128116,0,1200265424,0,1200265424,0,1063.9556783167689,1063.9556783167689,,,0.0
1682,2015-06-01,24,0,48,0,963427,0,963427,0,977097070,0,977097070,0,1014.1890044601199,1014.1890044601199,,,0.0
1683,2015-05-31,13,1,9,0,105335,1500,106835,0,102155625,1480500,103636125,0,969.8165377130109,970.0577994103056,987.0,,-1500.0
1684,2015-05-24,39,0,32,0,570647,0,570647,0,548882920,0,548882920,0,961.8606949655391,961.8606949655391,,,0.0
1685,2015-05-23,68,1,18,1,626732,21300,641122,6910,614522782,21222000,629014442,6730340,980.5192362923865,981.1150483059387,996.3380281690141,974.0,-14390.0
1686,2015-05-20,31,0,27,0,406674,0,406674,0,417291617,0,417291617,0,1026.108423454659,1026.108423454659,,,0.0
1687,2015-05-19,18,1,18,0,292238,6000,298238,0,298058380,6204000,304262380,0,1019.9165748465292,1020.1999074564609,1034.0,,-6000.0
1688,2015-05-18,35,0,26,0,433969,0,433969,0,441086136,0,441086136,0,1016.4001023114554,1016.4001023114554,,,0.0
1689,2015-05-17,70,0,23,1,827070,0,792771,34299,845458769,0,810022839,35435930,1022.2336307688587,1021.7614405673265,,1033.1476136330505,34299.0
1690,2015-05-13,51,0,22,0,420702,0,420702,0,445916092,0,445916092,0,1059.9333780205466,1059.9333780205466,,,0.0
1691,2015-05-12,25,0,14,0,264691,0,264691,0,286048107,0,286048107,0,1080.6869406213282,1080.6869406213282,,,0.0
1692,2015-05-11,73,0,21,1,1103250,0,1003250,100000,1201614265,0,1094264265,107350000,1089.158635848629,1090.7194268626963,,1073.5,100000.0
1693,2015-05-10,23,1,11,2,293475,50000,154095,189380,322730119,56900000,171903179,207726940,1099.6852167987051,1115.566235114702,1138.0,1096.878973492449,139380.0
1694,2015-05-09,12,1,27,0,384522,32570,417092,0,434649582,37291880,471941462,0,1130.3633654251253,1131.504469038006,1144.9763586122199,,-32570.0
1695,2015-05-06,20,0,24,1,212220,0,202220,10000,241293370,0,229733370,11560000,1136.996371689756,1136.0566215013353,,1156.0,10000.0
1696,2015-05-05,31,1,50,1,824165,122852,847017,100000,930169217,136100130,952719347,113550000,1128.620139171161,1124.7936546728106,1107.838130433367,1135.5,-22852.0
1697,2015-05-04,27,0,18,0,292914,0,292914,0,316814819,0,316814819,0,1081.5967109800147,1081.5967109800147,,,0.0
1698,2015-05-03,17,0,9,0,147829,0,147829,0,163326903,0,163326903,0,1104.836689688762,1104.836689688762,,,0.0
1699,2015-04-29,26,0,19,0,344752,0,344752,0,388442143,0,388442143,0,1126.7291937392677,1126.7291937392677,,,0.0
1700,2015-04-28,33,1,46,0,882946,7000,889946,0,993230375,7842000,1001072375,0,1124.905005515626,1124.8686718070535,1120.2857142857142,,-7000.0
1701,2015-04-27,22,0,15,0,310598,0,310598,0,354166991,0,354166991,0,1140.27453814899,1140.27453814899,,,0.0
1702,2015-04-26,62,1,54,0,1360226,40299,1400525,0,1595931542,47493923,1643425465,0,1173.2841027888012,1173.4352939076418,1178.5384997146332,,-40299.0
1703,2015-04-25,76,0,86,1,1811911,0,1783673,28238,2077315531,0,2044615927,32699604,1146.4776862660474,1146.2952721715246,,1158.0,28238.0
1704,2015-04-22,82,1,27,0,1195733,25000,1220733,0,1331519445,28000000,1359519445,0,1113.5591683093132,1113.691073314148,1120.0,,-25000.0
1705,2015-04-21,51,1,25,0,924511,15000,939511,0,1048617593,16865000,1065482593,0,1134.2402556594784,1134.0820841906054,1124.3333333333333,,-15000.0
1706,2015-04-20,33,1,22,0,457620,7000,464620,0,527453909,8026000,535479909,0,1152.6023971854377,1152.5115341569456,1146.5714285714287,,-7000.0
1707,2015-04-19,36,1,16,0,308019,65000,373019,0,359274088,75345000,434619088,0,1166.4023582960792,1165.1392770877624,1159.1538461538462,,-65000.0
1708,2015-04-18,28,1,42,0,853755,5077,858832,0,1000591764,5965475,1006557239,0,1171.9893458896288,1172.007143422695,1175.0,,-5077.0
1709,2015-04-15,37,1,39,0,1420013,3000,1423013,0,1655774351,3498000,1659272351,0,1166.0276004515451,1166.0275422641957,1166.0,,-3000.0
1710,2015-04-14,51,0,67,0,2358413,0,2358413,0,2738931878,0,2738931878,0,1161.3453105965748,1161.3453105965748,,,0.0
1711,2015-04-13,28,1,31,0,588626,100000,688626,0,677057505,114800000,791857505,0,1150.233773227822,1149.909392035735,1148.0,,-100000.0
1712,2015-04-12,32,0,41,0,813021,0,813021,0,934888559,0,934888559,0,1149.8947247365074,1149.8947247365074,,,0.0
1713,2015-04-11,26,1,49,0,484094,26139,510233,0,556432034,30033711,586465745,0,1149.4297264580846,1149.4077117708969,1149.0,,-26139.0
1714,2015-04-08,54,0,32,0,766499,0,766499,0,873096359,0,873096359,0,1139.0704475804926,1139.0704475804926,,,0.0
1715,2015-04-07,45,0,24,0,627687,0,627687,0,719238419,0,719238419,0,1145.8552096825329,1145.8552096825329,,,0.0
1716,2015-04-06,55,0,53,0,941684,0,941684,0,1109796655,0,1109796655,0,1178.5234271793936,1178.5234271793936,,,0.0
1717,2015-04-05,75,0,69,0,1418185,0,1418185,0,1731679051,0,1731679051,0,1221.053001547753,1221.053001547753,,,0.0
1718,2015-04-04,5,0,13,0,223017,0,223017,0,268066434,0,268066434,0,1202.0,1202.0,,,0.0
1719,2015-03-31,28,0,21,0,488153,0,488153,0,564256926,0,564256926,0,1155.9017889882884,1155.9017889882884,,,0.0
1720,2015-03-30,25,0,22,0,293029,0,293029,0,342073229,0,342073229,0,1167.3698814793074,1167.3698814793074,,,0.0
1721,2015-03-29,55,0,45,0,563295,0,563295,0,675185013,0,675185013,0,1198.6348414241206,1198.6348414241206,,,0.0
1722,2015-03-28,40,0,37,0,483552,0,483552,0,567130018,0,567130018,0,1172.8418412083913,1172.8418412083913,,,0.0
1723,2015-03-25,12,0,8,0,73584,0,73584,0,84382607,0,84382607,0,1146.7521064361817,1146.7521064361817,,,0.0
1724,2015-03-18,39,0,22,0,506783,0,506783,0,582571627,0,582571627,0,1149.5484793294172,1149.5484793294172,,,0.0
1725,2015-03-17,66,0,28,0,973929,0,973929,0,1101800265,0,1101800265,0,1131.2942370542412,1131.2942370542412,,,0.0
1726,2015-03-16,42,0,29,0,564112,0,564112,0,662426951,0,662426951,0,1174.2826796806307,1174.2826796806307,,,0.0
1727,2015-03-15,91,1,74,0,1445964,510000,1955964,0,1710361084,607690025,2318051109,0,1182.851775009613,1185.119516003362,1191.5490686274509,,-510000.0
1728,2015-03-14,57,0,39,1,1587579,0,1077579,510000,1934038035,0,1316925235,617112800,1218.2310518090753,1222.1147915837262,,1210.0250980392157,510000.0
1729,2015-03-11,56,0,47,0,1079331,0,1079331,0,1302445863,0,1302445863,0,1206.7158851177257,1206.7158851177257,,,0.0
1730,2015-03-10,115,0,149,1,3387177,0,2933867,453310,4192177415,0,3627353155,564824260,1237.6611600161432,1236.3727309383826,,1246.0,453310.0
1731,2015-03-09,37,0,72,1,2890807,0,2437497,453310,3466077593,0,2922558903,543518690,1199.0,1199.0,,1199.0,453310.0
1732,2015-03-08,9,0,25,0,464062,0,464062,0,535063486,0,535063486,0,1153.0,1153.0,,,0.0
1733,2015-03-07,15,0,23,0,299910,0,299910,0,333534208,0,333534208,0,1112.114327631623,1112.114327631623,,,0.0
1734,2015-03-04,47,0,27,0,754873,0,754873,0,832836782,0,832836782,0,1103.2806604554673,1103.2806604554673,,,0.0
1735,2015-03-03,43,0,17,0,659862,0,659862,0,739987032,0,739987032,0,1121.4269529083354,1121.4269529083354,,,0.0
1736,2015-03-02,57,1,27,0,1135628,3000,1138628,0,1316613848,3467000,1320080848,0,1159.370716467012,1159.3609572222008,1155.6666666666667,,-3000.0
1737,2015-03-01,33,0,44,1,864180,0,860645,3535,1027021641,0,1022793781,4227860,1188.4348642643893,1188.4037913425395,,1196.0,3535.0
1738,2015-02-28,47,1,62,0,1501177,1000,1502177,0,1751513522,1168000,1752681522,0,1166.7601635250207,1166.7609888847985,1168.0,,-1000.0
1739,2015-02-25,36,0,17,1,546240,0,537635,8605,620561936,0,610609451,9952485,1136.0609548916227,1135.7323295544375,,1156.5932597327135,8605.0
1740,2015-02-24,27,0,25,0,272293,0,272293,0,319481595,0,319481595,0,1173.3008009754199,1173.3008009754199,,,0.0
1741,2015-02-23,52,0,51,0,1052840,0,1052840,0,1242978242,0,1242978242,0,1180.5955719767487,1180.5955719767487,,,0.0
1742,2015-02-22,41,1,27,0,335962,7710,343672,0,395319211,8996830,404316041,0,1176.6783475512111,1176.4590685304593,1166.9040207522698,,-7710.0
1743,2015-02-21,47,2,41,0,631453,14140,645593,0,758646174,17278640,775924814,0,1201.429360538314,1201.879224217115,1221.968882602546,,-14140.0
1744,2015-02-18,50,1,101,0,2282808,268312,2551120,0,2745208723,321442037,3066650760,0,1202.557868642479,1202.0801687102135,1198.0158807656758,,-268312.0
1745,2015-02-17,33,0,87,0,1531897,0,1531897,0,1776656776,0,1776656776,0,1159.7756089345432,1159.7756089345432,,,0.0
1746,2015-02-16,26,0,33,1,967867,0,731867,236000,1080139572,0,816763572,263376000,1116.0,1116.0,,1116.0,236000.0
1747,2015-02-15,21,0,31,0,1057073,0,1057073,0,1134937495,0,1134937495,0,1073.6604709419312,1073.6604709419312,,,0.0
1748,2015-02-14,16,0,8,0,148012,0,148012,0,154776948,0,154776948,0,1045.7054022646812,1045.7054022646812,,,0.0
1749,2015-02-10,42,0,39,0,1418505,0,1418505,0,1471339012,0,1471339012,0,1037.2462642006901,1037.2462642006901,,,0.0
1750,2015-02-09,15,0,10,1,340689,0,339821,868,366199562,0,365264726,934836,1074.8793239582142,1074.8739071452324,,1077.0,868.0
1751,2015-02-08,54,0,26,0,751617,0,751617,0,839323353,0,839323353,0,1116.690219885926,1116.690219885926,,,0.0
1752,2015-02-07,66,0,69,0,2479656,0,2479656,0,2869546344,0,2869546344,0,1157.2356584945653,1157.2356584945653,,,0.0
1753,2015-02-04,9,0,13,0,378580,0,378580,0,425145340,0,425145340,0,1123.0,1123.0,,,0.0
1754,2015-02-03,40,0,81,0,1441674,0,1441674,0,1557310220,0,1557310220,0,1080.2096867946568,1080.2096867946568,,,0.0
1755,2015-02-02,61,1,51,0,1580555,10000,1590555,0,1681012865,10750000,1691762865,0,1063.5586012508265,1063.6305346247066,1075.0,,-10000.0
1756,2015-02-01,11,0,27,0,469545,0,469545,0,499126335,0,499126335,0,1063.0,1063.0,,,0.0
1757,2015-01-31,2,0,12,0,92339,0,92339,0,97048289,0,97048289,0,1051.0,1051.0,,,0.0
1758,2015-01-28,19,0,32,0,586301,0,586301,0,592801281,0,592801281,0,1011.0869348679262,1011.0869348679262,,,0.0
1759,2015-01-27,60,1,64,1,1296459,50000,1326459,20000,1270855691,48538250,1299833941,19560000,980.2513546514004,979.9277180825038,970.765,978.0,-30000.0
1760,2015-01-26,37,2,41,0,1113672,96868,1210540,0,1059307144,92033736,1151340880,0,951.1841403932217,951.0969319477258,950.094313911715,,-96868.0
1761,2015-01-25,23,0,41,0,474804,0,474804,0,434838691,0,434838691,0,915.8277752504191,915.8277752504191,,,0.0
1762,2015-01-24,52,0,33,0,1075800,0,1075800,0,960719671,0,960719671,0,893.0281381297639,893.0281381297639,,,0.0
1763,2015-01-21,37,0,20,0,786865,0,786865,0,728720562,0,728720562,0,926.1062088159977,926.1062088159977,,,0.0
1764,2015-01-20,36,0,23,0,586430,0,586430,0,565071434,0,565071434,0,963.5786607097182,963.5786607097182,,,0.0
1765,2015-01-19,41,0,23,0,430067,0,430067,0,424684201,0,424684201,0,987.4838129872787,987.4838129872787,,,0.0
1766,2015-01-18,53,0,23,0,594562,0,594562,0,610693878,0,610693878,0,1027.132373074633,1027.132373074633,,,0.0
1767,2015-01-17,22,0,17,0,444489,0,444489,0,472791634,0,472791634,0,1063.6745431270515,1063.6745431270515,,,0.0
1768,2015-01-14,27,0,12,0,144489,0,144489,0,154239543,0,154239543,0,1067.4829433382472,1067.4829433382472,,,0.0
1769,2015-01-13,27,0,19,0,489311,0,489311,0,529054802,0,529054802,0,1081.22401090513,1081.22401090513,,,0.0
1770,2015-01-12,9,0,15,0,176708,0,176708,0,194625612,0,194625612,0,1101.3967222762976,1101.3967222762976,,,0.0
1771,2015-01-11,40,0,39,0,893274,0,893274,0,946479810,0,946479810,0,1059.562698567293,1059.562698567293,,,0.0
1772,2015-01-10,36,0,31,0,552765,0,552765,0,609126092,0,609126092,0,1101.962121335468,1101.962121335468,,,0.0
1773,2015-01-07,20,0,10,0,243729,0,243729,0,274253627,0,274253627,0,1125.2400288845397,1125.2400288845397,,,0.0
1774,2015-01-06,34,0,27,0,513100,0,513100,0,581512064,0,581512064,0,1133.3308594815826,1133.3308594815826,,,0.0
1775,2015-01-05,27,0,16,1,324357,0,299357,25000,378940657,0,349540657,29400000,1168.2826546058818,1167.6381611253453,,1176.0,25000.0
1776,2015-01-04,70,0,22,0,1498880,0,1498880,0,1791815832,0,1791815832,0,1195.4364805721605,1195.4364805721605,,,0.0
1777,2015-01-03,12,0,18,0,309743,0,309743,0,381456513,0,381456513,0,1231.5258553058504,1231.5258553058504,,,0.0
1778,2014-12-31,7,0,12,0,138568,0,138568,0,169551261,0,169551261,0,1223.5960755730039,1223.5960755730039,,,0.0
1779,2014-12-30,15,0,18,0,441733,0,441733,0,546988935,0,546988935,0,1238.2795376392526,1238.2795376392526,,,0.0
1780,2014-12-29,12,0,26,0,211443,0,211443,0,259877342,0,259877342,0,1229.0657151099824,1229.0657151099824,,,0.0
1781,2014-12-28,29,0,18,0,377239,0,377239,0,466398445,0,466398445,0,1236.3473686442812,1236.3473686442812,,,0.0
1782,2014-12-27,49,0,24,0,562426,0,562426,0,697299430,0,697299430,0,1239.806534548545,1239.806534548545,,,0.0
1783,2014-12-24,44,0,43,0,1271197,0,1271197,0,1634876046,0,1634876046,0,1286.0918063840616,1286.0918063840616,,,0.0
1784,2014-12-22,10,0,20,0,232174,0,232174,0,292821122,0,292821122,0,1261.2140980471543,1261.2140980471543,,,0.0
1785,2014-12-20,18,0,33,0,624085,0,624085,0,757939643,0,757939643,0,1214.4814296129534,1214.4814296129534,,,0.0
1786,2014-12-17,26,0,20,0,262782,0,262782,0,307023202,0,307023202,0,1168.3570488085181,1168.3570488085181,,,0.0
1787,2014-12-16,38,0,22,0,490377,0,490377,0,577694956,0,577694956,0,1178.062910780889,1178.062910780889,,,0.0
1788,2014-12-15,45,0,35,0,707236,0,707236,0,828373476,0,828373476,0,1171.2829607090137,1171.2829607090137,,,0.0
1789,2014-12-14,24,0,23,0,378807,0,378807,0,461643698,0,461643698,0,1218.677843862442,1218.677843862442,,,0.0
1790,2014-12-10,19,0,14,0,101972,0,101972,0,128846589,0,128846589,0,1263.5487094496527,1263.5487094496527,,,0.0
1791,2014-12-09,23,0,43,0,561438,0,561438,0,712969658,0,712969658,0,1269.8991838813904,1269.8991838813904,,,0.0
1792,2014-12-08,40,0,40,0,562812,0,562812,0,707093897,0,707093897,0,1256.3589564543756,1256.3589564543756,,,0.0
1793,2014-12-07,32,0,38,0,610458,0,610458,0,749437663,0,749437663,0,1227.6645780708911,1227.6645780708911,,,0.0
1794,2014-12-06,52,0,31,0,411596,0,411596,0,522198395,0,522198395,0,1268.7159131769988,1268.7159131769988,,,0.0
1795,2014-12-03,28,0,36,0,543788,0,543788,0,715530949,0,715530949,0,1315.8270300190516,1315.8270300190516,,,0.0
1796,2014-12-02,53,0,49,0,1027345,0,1027345,0,1358243942,0,1358243942,0,1322.0913539268697,1322.0913539268697,,,0.0
1797,2014-12-01,47,0,57,0,761282,0,761282,0,970016229,0,970016229,0,1274.1877898071937,1274.1877898071937,,,0.0
1798,2014-11-30,75,0,49,0,1604349,0,1604349,0,2065776474,0,2065776474,0,1287.6104102037648,1287.6104102037648,,,0.0
1799,2014-11-29,78,0,51,0,1250737,0,1250737,0,1673423712,0,1673423712,0,1337.9501142126603,1337.9501142126603,,,0.0
1800,2014-11-26,43,0,32,0,504696,0,504696,0,680187025,0,680187025,0,1347.71629852426,1347.71629852426,,,0.0
1801,2014-11-25,38,0,30,0,561796,0,561796,0,760482381,0,760482381,0,1353.6628616081282,1353.6628616081282,,,0.0
1802,2014-11-24,74,0,70,0,1209253,0,1209253,0,1703400212,0,1703400212,0,1408.6384007316915,1408.6384007316915,,,0.0
1803,2014-11-23,95,1,91,0,2086047,1421,2087468,0,2941982391,2007873,2943990264,0,1410.314528387903,1410.3163564663028,1413.0,,-1421.0
1804,2014-11-22,59,0,42,0,1264047,0,1264047,0,1717417491,0,1717417491,0,1358.6658494502183,1358.6658494502183,,,0.0
1805,2014-11-19,49,0,38,0,732310,0,732310,0,1012861399,0,1012861399,0,1383.104694733105,1383.104694733105,,,0.0
1806,2014-11-18,51,0,44,0,926438,0,926438,0,1304366428,0,1304366428,0,1407.9370967080365,1407.9370967080365,,,0.0
1807,2014-11-17,77,0,84,0,2167097,0,2167097,0,3043457927,0,3043457927,0,1404.393955139064,1404.393955139064,,,0.0
1808,2014-11-16,58,0,73,1,1488975,0,1487975,1000,2025338458,0,2023977458,1361000,1360.2232797729982,1360.222757774828,,1361.0,1000.0
1809,2014-11-15,96,0,43,0,1444411,0,1444411,0,1956091525,0,1956091525,0,1354.2485656783283,1354.2485656783283,,,0.0
1810,2014-11-12,68,0,72,0,1402964,0,1402964,0,1959830048,0,1959830048,0,1396.9211241343328,1396.9211241343328,,,0.0
1811,2014-11-11,58,1,58,0,1085546,3579,1089125,0,1513262460,4974810,1518237270,0,1394.0104426712455,1393.997263858602,1390.0,,-3579.0
1812,2014-11-10,88,0,29,1,1535705,0,1339252,196453,2128280492,0,1857235731,271044761,1385.8654442096627,1386.7709221266796,,1379.6926542226386,196453.0
1813,2014-11-09,55,0,40,0,925288,0,925288,0,1311299433,0,1311299433,0,1417.1797678128323,1417.1797678128323,,,0.0
1814,2014-11-08,54,0,68,0,1618240,0,1618240,0,2321336074,0,2321336074,0,1434.4819519972316,1434.4819519972316,,,0.0
1815,2014-11-05,67,0,45,2,1729827,0,1448166,281661,2449095357,0,2050512375,398582982,1415.8036364330076,1415.9373821785623,,1415.1159798481153,281661.0
1816,2014-11-02,61,0,70,0,1911362,0,1911362,0,2684531518,0,2684531518,0,1404.5123414612199,1404.5123414612199,,,0.0
1817,2014-11-01,52,0,71,0,1168773,0,1168773,0,1673459208,0,1673459208,0,1431.8085787402686,1431.8085787402686,,,0.0
1818,2014-10-29,77,0,73,0,1612984,0,1612984,0,2277639675,0,2277639675,0,1412.0658822406174,1412.0658822406174,,,0.0
1819,2014-10-28,63,0,46,0,1007255,0,1007255,0,1394152733,0,1394152733,0,1384.1110076395748,1384.1110076395748,,,0.0
1820,2014-10-27,95,0,51,1,1229436,0,1079436,150000,1700369290,0,1495369290,205000000,1383.0482351256999,1385.324641757362,,1366.6666666666667,150000.0
1821,2014-10-26,69,0,41,0,1138828,0,1138828,0,1550353717,0,1550353717,0,1361.3589734358482,1361.3589734358482,,,0.0
1822,2014-10-25,46,0,40,1,1112741,0,1091141,21600,1560950087,0,1530083687,30866400,1402.7973149187458,1402.2786120217277,,1429.0,21600.0
1823,2014-10-22,72,0,28,0,1350930,0,1350930,0,1915943213,0,1915943213,0,1418.2401849096548,1418.2401849096548,,,0.0
1824,2014-10-21,61,1,50,0,867879,10000,877879,0,1279515708,14560000,1294075708,0,1474.3019568396055,1474.0934775749276,1456.0,,-10000.0
1825,2014-10-20,71,1,106,0,3101142,20000,3121142,0,4700744168,30160000,4730904168,0,1515.810681355449,1515.7606312048604,1508.0,,-20000.0
1826,2014-10-19,94,0,87,0,2109168,0,2109168,0,3098607380,0,3098607380,0,1469.1135936065784,1469.1135936065784,,,0.0
1827,2014-10-18,91,1,83,0,2465730,1000,2466730,0,3632351289,1486000,3633837289,0,1473.134239758611,1473.1394554734406,1486.0,,-1000.0
1828,2014-10-15,193,1,93,0,6084340,60000,6144340,0,9315095948,94800000,9409895948,0,1530.9953007228394,1531.473835757787,1580.0,,-60000.0
1829,2014-10-14,7,0,21,0,427592,0,427592,0,650367432,0,650367432,0,1521.0,1521.0,,,0.0
1830,2014-10-12,112,1,138,3,4328118,1500,3444396,885222,6329923176,2163750,5032740704,1299346222,1462.5116912246847,1461.138819113714,1442.5,1467.81962264833,883722.0
1831,2014-10-11,78,0,92,1,2056565,0,1856565,200000,3002900833,0,2710100833,292800000,1460.1536216944273,1459.7392674105135,,1464.0,200000.0
1832,2014-10-08,49,1,108,0,1747579,100000,1847579,0,2460322991,141900000,2602222991,0,1407.8465070820832,1408.4501885981601,1419.0,,-100000.0
1833,2014-10-07,21,1,32,1,245244,2250,237494,10000,333733726,3083250,323366976,13450000,1360.8232046451697,1361.5795599046712,1370.3333333333333,1345.0,7750.0
1834,2014-10-06,41,0,52,0,477969,0,477969,0,658010549,0,658010549,0,1376.6803893139513,1376.6803893139513,,,0.0
1835,2014-10-04,87,3,133,0,3099742,446500,3546242,0,4300102369,620157158,4920259527,0,1387.2452510563783,1387.4573497804154,1388.9298051511757,,-446500.0
1836,2014-10-01,68,1,100,0,1890075,200000,2090075,0,2544771027,270794684,2815565711,0,1346.3862687988571,1347.112285922754,1353.97342,,-200000.0
1837,2014-09-30,47,2,83,1,1416465,313000,1569465,160000,1844150936,408472940,2043663876,208960000,1301.938936719227,1302.1404593284974,1305.0253674121407,1306.0,-153000.0
1838,2014-09-29,46,0,50,0,783191,0,783191,0,983300566,0,983300566,0,1255.505446308755,1255.505446308755,,,0.0
1839,2014-09-28,88,0,29,0,1505204,0,1505204,0,1851651829,0,1851651829,0,1230.1666943484072,1230.1666943484072,,,0.0
1840,2014-09-27,30,0,16,0,336159,0,336159,0,421017470,0,421017470,0,1252.4355141465794,1252.4355141465794,,,0.0
1841,2014-09-24,32,0,20,0,472676,0,472676,0,601740954,0,601740954,0,1273.0516336771911,1273.0516336771911,,,0.0
1842,2014-09-23,32,0,57,0,875025,0,875025,0,1110935010,0,1110935010,0,1269.6037370360848,1269.6037370360848,,,0.0
1843,2014-09-22,30,0,20,0,275162,0,275162,0,337270476,0,337270476,0,1225.7160363713012,1225.7160363713012,,,0.0
1844,2014-09-21,30,1,22,0,494721,28500,523221,0,616895568,35682000,652577568,0,1246.9565027560989,1247.2312235174047,1252.0,,-28500.0
1845,2014-09-20,17,1,26,0,278430,820,279250,0,334282140,1007780,335289920,0,1200.5967029414933,1200.6801074306177,1229.0,,-820.0
1846,2014-09-17,37,0,22,0,443636,0,443636,0,544912835,0,544912835,0,1228.2881348673236,1228.2881348673236,,,0.0
1847,2014-09-16,49,1,21,1,761218,750,756968,5000,957581006,956340,952297346,6240000,1257.958963135396,1258.0417481320214,1275.12,1248.0,4250.0
1848,2014-09-15,33,1,30,0,349153,5000,354153,0,453781516,6475000,460256516,0,1299.663803547442,1299.5979590741854,1295.0,,-5000.0
1849,2014-09-14,45,0,27,0,985811,0,985811,0,1275800498,0,1275800498,0,1294.1633822304682,1294.1633822304682,,,0.0
1850,2014-09-13,41,1,26,0,897812,84524,982336,0,1209843310,111402632,1321245942,0,1347.5463794201903,1345.0040943221056,1318.0,,-84524.0
1851,2014-09-10,51,0,73,0,2184143,0,2184143,0,2995962155,0,2995962155,0,1371.6877306110453,1371.6877306110453,,,0.0
1852,2014-09-09,82,1,45,0,1239643,129716,1369359,0,1639244206,171256989,1810501195,0,1322.3518432322853,1322.1523318574602,1320.2456828764377,,-129716.0
1853,2014-09-08,55,1,37,0,1089993,35545,1125538,0,1497837206,50263241,1548100447,0,1374.1713992658667,1375.431524302156,1414.0734561823042,,-35545.0
1854,2014-09-07,26,1,21,0,161539,29050,190589,0,221233960,40957550,262191510,0,1369.5389967747726,1375.6906746979103,1409.8984509466436,,-29050.0
1855,2014-09-06,29,1,29,0,391773,110200,501973,0,553314821,157519200,710834021,0,1412.3352579172122,1416.0801895719492,1429.3938294010889,,-110200.0
1856,2014-09-03,35,2,62,0,1290218,117882,1408100,0,1874135812,170541865,2044677677,0,1452.5729853404619,1452.0827192670974,1446.7167591320133,,-117882.0
1857,2014-09-02,43,2,52,0,869685,45916,915601,0,1255105096,65705980,1320811076,0,1443.17206344826,1442.5618539079796,1431.0040073177106,,-45916.0
1858,2014-09-01,67,2,54,0,1407255,101428,1508683,0,1993028032,143585062,2136613094,0,1416.2522300507017,1416.2107573294059,1415.635347241393,,-101428.0
1859,2014-08-31,83,1,110,0,2878901,1000,2879901,0,4200421880,1465000,4201886880,0,1459.0365837519248,1459.0386544537469,1465.0,,-1000.0
1860,2014-08-30,25,0,75,0,891158,0,891158,0,1255219261,0,1255219261,0,1408.526053741312,1408.526053741312,,,0.0
1861,2014-08-27,49,0,37,0,833412,0,833412,0,1129699868,0,1129699868,0,1355.5118812784074,1355.5118812784074,,,0.0
1862,2014-08-26,69,0,45,0,1113531,0,1113531,0,1558560221,0,1558560221,0,1399.6558883407827,1399.6558883407827,,,0.0
1863,2014-08-25,52,0,86,0,1253521,0,1253521,0,1808859986,0,1808859986,0,1443.023280822579,1443.023280822579,,,0.0
1864,2014-08-24,64,0,60,0,1143654,0,1143654,0,1633841071,0,1633841071,0,1428.6148354309958,1428.6148354309958,,,0.0
1865,2014-08-23,64,0,61,0,1664108,0,1664108,0,2334274140,0,2334274140,0,1402.7179365762318,1402.7179365762318,,,0.0
1866,2014-08-20,44,1,71,0,1453663,50000,1503663,0,1964023809,67500000,2031523809,0,1351.086055708923,1351.0499420415347,1350.0,,-50000.0
1867,2014-08-19,50,1,102,0,1702007,28355,1730362,0,2216895166,37091803,2253986969,0,1302.5182422869002,1302.61007176533,1308.1221301357784,,-28355.0
1868,2014-08-18,52,1,43,0,891886,8000,899886,0,1122902256,9920000,1132822256,0,1259.019937525648,1258.850849996555,1240.0,,-8000.0
1869,2014-08-17,69,0,110,0,2108951,0,2108951,0,2723257187,0,2723257187,0,1291.2851872803114,1291.2851872803114,,,0.0
1870,2014-08-16,15,0,47,0,867065,0,867065,0,1083242944,0,1083242944,0,1249.3214972349247,1249.3214972349247,,,0.0
1871,2014-08-13,33,0,54,0,1126104,0,1126104,0,1357728068,0,1357728068,0,1205.686213706727,1205.686213706727,,,0.0
1872,2014-08-12,37,0,39,0,794339,0,794339,0,953137953,0,953137953,0,1199.913327936813,1199.913327936813,,,0.0
1873,2014-08-11,41,0,79,1,1735508,0,1730508,5000,2110574998,0,2104454998,6120000,1216.1136670070089,1216.0908808280574,,1224.0,5000.0
1874,2014-08-10,30,0,45,0,583075,0,583075,0,686400085,0,686400085,0,1177.207194614758,1177.207194614758,,,0.0
1875,2014-08-09,24,0,78,0,1170758,0,1170758,0,1364311211,0,1364311211,0,1165.3229881837237,1165.3229881837237,,,0.0
1876,2014-08-06,29,0,30,0,979724,0,979724,0,1107039082,0,1107039082,0,1129.9499471279667,1129.9499471279667,,,0.0
1877,2014-08-05,29,0,17,0,340976,0,340976,0,383582202,0,383582202,0,1124.9536682933697,1124.9536682933697,,,0.0
1878,2014-08-04,26,1,30,0,474324,5000,479324,0,542959515,5745000,548704515,0,1144.7017544969262,1144.7465910323706,1149.0,,-5000.0
1879,2014-08-03,20,0,22,0,190645,0,190645,0,216042803,0,216042803,0,1133.2203991712345,1133.2203991712345,,,0.0
1880,2014-08-02,20,0,17,0,268351,0,268351,0,307203148,0,307203148,0,1144.7810814940135,1144.7810814940135,,,0.0
1881,2014-07-28,101,0,27,0,1421423,0,1421423,0,1613829185,0,1613829185,0,1135.3616657391924,1135.3616657391924,,,0.0
1882,2014-07-27,27,0,23,0,423536,0,423536,0,494635075,0,494635075,0,1167.8702046579276,1167.8702046579276,,,0.0
1883,2014-07-26,12,0,13,0,256844,0,256844,0,300338556,0,300338556,0,1169.3423089501798,1169.3423089501798,,,0.0
1884,2014-07-23,32,0,58,0,707029,0,707029,0,850863925,0,850863925,0,1203.4356794417201,1203.4356794417201,,,0.0
1885,2014-07-22,41,0,43,1,820272,0,819072,1200,962372368,0,960969568,1402800,1173.2356681686074,1173.2418737302703,,1169.0,1200.0
1886,2014-07-21,69,0,23,0,811557,0,811557,0,939058364,0,939058364,0,1157.1070966056604,1157.1070966056604,,,0.0
1887,2014-07-20,26,0,16,0,176886,0,176886,0,208715740,0,208715740,0,1179.9449362866478,1179.9449362866478,,,0.0
1888,2014-07-16,21,0,30,0,328752,0,328752,0,397238081,0,397238081,0,1208.3214124933081,1208.3214124933081,,,0.0
1889,2014-07-15,28,0,28,0,293872,0,293872,0,352294475,0,352294475,0,1198.8024548102576,1198.8024548102576,,,0.0
1890,2014-07-14,17,0,18,0,176543,0,176543,0,210683843,0,210683843,0,1193.385424514141,1193.385424514141,,,0.0
1891,2014-07-13,29,0,15,0,168734,0,168734,0,200772088,0,200772088,0,1189.8733391017815,1189.8733391017815,,,0.0
1892,2014-07-12,30,0,25,0,532677,0,532677,0,659680807,0,659680807,0,1238.4255505681679,1238.4255505681679,,,0.0
1893,2014-07-09,20,0,48,0,479889,0,479889,0,612135898,0,612135898,0,1275.5780982685578,1275.5780982685578,,,0.0
1894,2014-07-08,34,1,63,0,812269,1200,813469,0,1042587375,1526400,1044113775,0,1283.5493845019323,1283.532347268304,1272.0,,-1200.0
1895,2014-07-07,42,0,31,0,415804,0,415804,0,514347868,0,514347868,0,1236.9959596348278,1236.9959596348278,,,0.0
1896,2014-07-06,28,0,19,0,373495,0,373495,0,479055892,0,479055892,0,1282.6300004016118,1282.6300004016118,,,0.0
1897,2014-07-05,22,0,27,0,381121,0,381121,0,489753598,0,489753598,0,1285.034406395869,1285.034406395869,,,0.0
1898,2014-07-02,10,0,21,0,314322,0,314322,0,389465204,0,389465204,0,1239.0644116542908,1239.0644116542908,,,0.0
1899,2014-07-01,27,0,62,0,1083649,0,1083649,0,1294121611,0,1294121611,0,1194.2258157392291,1194.2258157392291,,,0.0
1900,2014-06-30,15,0,10,0,136503,0,136503,0,156978450,0,156978450,0,1150.0,1150.0,,,0.0
1901,2014-06-29,6,0,1,0,21606,0,21606,0,24890112,0,24890112,0,1152.0,1152.0,,,0.0
1902,2014-06-28,5,0,2,0,55277,0,55277,0,64121320,0,64121320,0,1160.0,1160.0,,,0.0
1903,2014-06-25,20,0,11,0,147803,0,147803,0,174787820,0,174787820,0,1182.5728841769112,1182.5728841769112,,,0.0
1904,2014-06-24,16,0,21,0,215525,0,215525,0,261694158,0,261694158,0,1214.2171813014731,1214.2171813014731,,,0.0
1905,2014-06-23,37,0,65,0,1269652,0,1269652,0,1599333696,0,1599333696,0,1259.66303837587,1259.66303837587,,,0.0
1906,2014-06-22,8,0,13,0,244626,0,244626,0,304070118,0,304070118,0,1243.0,1243.0,,,0.0
1907,2014-06-21,5,0,23,1,252231,0,232231,20000,303946005,0,279786005,24160000,1205.0303293409613,1204.77457789873,,1208.0,20000.0
1908,2014-06-18,20,0,38,0,642727,0,642727,0,747143930,0,747143930,0,1162.459224523009,1162.459224523009,,,0.0
1909,2014-06-17,21,0,18,0,204042,0,204042,0,229818263,0,229818263,0,1126.3282216406426,1126.3282216406426,,,0.0
1910,2014-06-16,15,0,20,0,166348,0,166348,0,191058404,0,191058404,0,1148.5464448024622,1148.5464448024622,,,0.0
1911,2014-06-15,29,0,35,0,713841,0,713841,0,805020074,0,805020074,0,1127.730228440227,1127.730228440227,,,0.0
1912,2014-06-14,20,0,19,0,197446,0,197446,0,225521034,0,225521034,0,1142.1909484112111,1142.1909484112111,,,0.0
1913,2014-06-11,49,0,17,0,644891,0,644891,0,766531011,0,766531011,0,1188.6210398346386,1188.6210398346386,,,0.0
1914,2014-06-10,20,0,17,0,265891,0,265891,0,327064142,0,327064142,0,1230.068494232599,1230.068494232599,,,0.0
1915,2014-06-09,22,0,35,0,691230,0,691230,0,873290573,0,873290573,0,1263.3863880329268,1263.3863880329268,,,0.0
1916,2014-06-08,39,0,20,0,240300,0,240300,0,300904852,0,300904852,0,1252.204960466084,1252.204960466084,,,0.0
1917,2014-06-07,49,0,41,0,798751,0,798751,0,1018139309,0,1018139309,0,1274.6642057412134,1274.6642057412134,,,0.0
1918,2014-06-03,39,0,38,0,641146,0,641146,0,801789229,0,801789229,0,1250.5563927716933,1250.5563927716933,,,0.0
1919,2014-06-02,52,0,25,0,375570,0,375570,0,466758558,0,466758558,0,1242.8004313443566,1242.8004313443566,,,0.0
1920,2014-06-01,18,0,23,0,195849,0,195849,0,247836413,0,247836413,0,1265.4464051386528,1265.4464051386528,,,0.0
1921,2014-05-31,49,1,36,0,393703,20000,413703,0,519181129,25680000,544861129,0,1318.7126564948705,1317.034512681803,1284.0,,-20000.0
1922,2014-05-20,33,0,55,1,694732,0,644732,50000,928554400,0,861554400,67000000,1336.564891209848,1336.2984930172536,,1340.0,50000.0
1923,2014-05-19,39,1,41,1,529042,50000,546580,32462,682337758,64100000,704237158,42200600,1289.7610359858008,1288.4429690072816,1282.0,1300.0,-17538.0
1924,2014-05-18,126,1,76,1,2210949,20000,2210949,20000,2889541351,25660000,2888021351,27180000,1306.923565853396,1306.2360782632254,1283.0,1359.0,0.0
1925,2014-05-17,47,0,26,0,633059,0,633059,0,845675906,0,845675906,0,1335.8563830543442,1335.8563830543442,,,0.0
1926,2014-05-14,73,0,29,0,815706,0,815706,0,1131937254,0,1131937254,0,1387.6779795661673,1387.6779795661673,,,0.0
1927,2014-05-12,85,0,16,0,1012946,0,1012946,0,1427223931,0,1427223931,0,1408.9832340519633,1408.9832340519633,,,0.0
1928,2014-05-11,31,0,14,0,372422,0,372422,0,538656426,0,538656426,0,1446.3603815027038,1446.3603815027038,,,0.0
1929,2014-05-10,38,0,27,0,449614,0,449614,0,655381636,0,655381636,0,1457.6539787462134,1457.6539787462134,,,0.0
1930,2014-05-07,53,0,27,1,941008,0,915885,25123,1355505583,0,1318348666,37156917,1440.4825283100674,1439.4259825196395,,1479.0,25123.0
1931,2014-05-06,38,0,21,1,496352,0,381498,114854,730767417,0,562543037,168224380,1472.2765638095545,1474.5635285112896,,1464.6802026921134,114854.0
1932,2014-05-05,34,0,23,0,616992,0,616992,0,922950797,0,922950797,0,1495.8877862273741,1495.8877862273741,,,0.0
1933,2014-05-04,20,0,18,0,173447,0,173447,0,256936830,0,256936830,0,1481.356437413158,1481.356437413158,,,0.0
1934,2014-05-03,26,0,34,0,466741,0,466741,0,706386301,0,706386301,0,1513.4438607278983,1513.4438607278983,,,0.0
1935,2014-04-30,35,0,19,0,491196,0,491196,0,744901508,0,744901508,0,1516.5056474401258,1516.5056474401258,,,0.0
1936,2014-04-29,36,0,20,0,244524,0,244524,0,371323587,0,371323587,0,1518.5568165088089,1518.5568165088089,,,0.0
1937,2014-04-28,28,0,27,0,259349,0,259349,0,408262602,0,408262602,0,1574.1822871883062,1574.1822871883062,,,0.0
1938,2014-04-27,61,0,47,0,929882,0,929882,0,1506115239,0,1506115239,0,1619.6842599383579,1619.6842599383579,,,0.0
1939,2014-04-26,71,0,66,0,1023512,0,1023512,0,1709732842,0,1709732842,0,1670.457055706235,1670.457055706235,,,0.0
1940,2014-04-23,69,0,52,0,912750,0,912750,0,1483411917,0,1483411917,0,1625.2116318816763,1625.2116318816763,,,0.0
1941,2014-04-22,4,0,27,0,161665,0,161665,0,266747250,0,266747250,0,1650.0,1650.0,,,0.0
1942,2014-04-21,12,0,19,0,327019,0,327019,0,518926153,0,518926153,0,1586.8379299062135,1586.8379299062135,,,0.0
1943,2014-04-20,31,0,37,0,779499,0,779499,0,1189233319,0,1189233319,0,1525.638030324606,1525.638030324606,,,0.0
1944,2014-04-19,21,0,14,0,135260,0,135260,0,197232527,0,197232527,0,1458.1733476267927,1458.1733476267927,,,0.0
1945,2014-04-16,35,0,28,0,480513,0,480513,0,723997847,0,723997847,0,1506.718542474397,1506.718542474397,,,0.0
1946,2014-04-15,54,0,38,0,809014,0,809014,0,1179692234,0,1179692234,0,1458.1851908619628,1458.1851908619628,,,0.0
1947,2014-04-14,16,0,5,0,83609,0,83609,0,122319967,0,122319967,0,1463.0,1463.0,,,0.0
1948,2014-04-13,21,0,11,0,159158,0,159158,0,240224014,0,240224014,0,1509.34300506415,1509.34300506415,,,0.0
1949,2014-04-12,46,0,26,0,322895,0,322895,0,506612106,0,506612106,0,1568.9685687297729,1568.9685687297729,,,0.0
1950,2014-04-09,19,0,38,0,315990,0,315990,0,513379471,0,513379471,0,1624.6699927212887,1624.6699927212887,,,0.0
1951,2014-04-08,44,0,36,0,406916,0,406916,0,660056996,0,660056996,0,1622.096442509019,1622.096442509019,,,0.0
1952,2014-04-07,49,0,75,1,713693,0,703693,10000,1150067024,0,1133876136,16190888,1611.4309990430058,1611.3221760057297,,1619.0888,10000.0
1953,2014-04-06,19,0,10,0,215184,0,215184,0,359416715,0,359416715,0,1670.2762054799614,1670.2762054799614,,,0.0
1954,2014-04-05,90,0,68,0,1330841,0,1330841,0,2305358281,0,2305358281,0,1732.2567316456286,1732.2567316456286,,,0.0
1955,2014-03-31,22,0,21,0,486291,0,486291,0,815996298,0,815996298,0,1678.0,1678.0,,,0.0
1956,2014-03-30,49,0,56,0,692622,0,692622,0,1117879922,0,1117879922,0,1613.9826947454744,1613.9826947454744,,,0.0
1957,2014-03-29,18,0,13,0,197545,0,197545,0,315833284,0,315833284,0,1598.791586727075,1598.791586727075,,,0.0
1958,2014-03-26,30,0,30,1,617573,0,602573,15000,1022237958,0,997547958,24690000,1655.250404405633,1655.480677030003,,1646.0,15000.0
1959,2014-03-25,57,0,31,0,759449,0,759449,0,1301506350,0,1301506350,0,1713.7508246110008,1713.7508246110008,,,0.0
1960,2014-03-19,94,0,88,1,1144699,0,1109699,35000,1892485808,0,1834933973,57551835,1653.2606458116936,1653.542062306986,,1644.3381428571429,35000.0
1961,2014-03-18,17,0,27,0,405410,0,405410,0,649466820,0,649466820,0,1602.0,1602.0,,,0.0
1962,2014-03-17,4,0,8,0,106351,0,106351,0,166971070,0,166971070,0,1570.0,1570.0,,,0.0
1963,2014-03-16,79,0,24,0,1148110,0,1148110,0,1733867753,0,1733867753,0,1510.193059027445,1510.193059027445,,,0.0
1964,2014-03-15,49,0,35,0,762712,0,762712,0,1109300800,0,1109300800,0,1454.4163458815385,1454.4163458815385,,,0.0
1965,2014-03-12,51,0,58,0,1023857,0,1023857,0,1435639186,0,1435639186,0,1402.1872058305016,1402.1872058305016,,,0.0
1966,2014-03-11,13,0,9,0,206461,0,206461,0,298955528,0,298955528,0,1448.0,1448.0,,,0.0
1967,2014-03-10,32,1,29,0,484741,50000,534741,0,731067038,75400000,806467038,0,1508.1601061185252,1508.145135682508,1508.0,,-50000.0
1968,2014-03-09,13,0,22,0,603575,0,603575,0,947612750,0,947612750,0,1570.0,1570.0,,,0.0
1969,2014-03-08,32,0,27,0,345010,0,345010,0,563972727,0,563972727,0,1634.656175183328,1634.656175183328,,,0.0
1970,2014-03-05,64,0,49,0,791754,0,791754,0,1319563472,0,1319563472,0,1666.633161310205,1666.633161310205,,,0.0
1971,2014-03-04,43,0,74,0,1206159,0,1206159,0,2016102716,0,2016102716,0,1671.5065890981205,1671.5065890981205,,,0.0
1972,2014-03-03,13,0,12,0,225827,0,225827,0,387070876,0,387070876,0,1714.0150469164448,1714.0150469164448,,,0.0
1973,2014-03-02,25,0,17,0,171154,0,171154,0,303503666,0,303503666,0,1773.2782523341552,1773.2782523341552,,,0.0
1974,2014-03-01,31,1,33,0,366542,10000,376542,0,675106157,18230000,693336157,0,1841.8248304423505,1841.3248907160423,1823.0,,-10000.0
1975,2014-02-26,43,0,52,0,420116,0,420116,0,780104847,0,780104847,0,1856.8796403850365,1856.8796403850365,,,0.0
1976,2014-02-25,50,0,48,0,618361,0,618361,0,1186033766,0,1186033766,0,1918.0280871529737,1918.0280871529737,,,0.0
1977,2014-02-24,48,0,45,0,904336,0,904336,0,1771224529,0,1771224529,0,1958.5911972983492,1958.5911972983492,,,0.0
1978,2014-02-23,102,0,76,1,1002581,0,987581,15000,2040207998,0,2008812998,31395000,2034.9557771392037,2034.0741650558284,,2093.0,15000.0
1979,2014-02-22,76,0,77,0,1023167,0,1023167,0,2060105265,0,2060105265,0,2013.4594499236196,2013.4594499236196,,,0.0
1980,2014-02-19,105,1,108,0,1469835,3000,1472835,0,2878627003,5838000,2884465003,0,1958.4694901128357,1958.4440911575296,1946.0,,-3000.0
1981,2014-02-18,12,1,31,0,476299,1500,477799,0,965458073,3040500,968498573,0,2027.0,2027.0,2027.0,,-1500.0
1982,2014-02-17,115,1,77,0,1186995,2500,1189495,0,2505610507,5239000,2510849507,0,2110.885477192406,2110.853351212069,2095.6,,-2500.0
1983,2014-02-16,101,0,141,0,1907044,0,1907044,0,4090996952,0,4090996952,0,2145.203231807971,2145.203231807971,,,0.0
1984,2014-02-15,2,1,3,0,22440,1000,23440,0,48133800,2145000,50278800,0,2145.0,2145.0,2145.0,,-1000.0
1985,2014-02-12,1,0,1,0,4633,0,4633,0,9947051,0,9947051,0,2147.0,2147.0,,,0.0
1986,2014-02-10,3,1,1,0,3081,1000,4081,0,6621069,2149000,8770069,0,2149.0,2149.0,2149.0,,-1000.0
1987,2014-02-09,2,0,1,0,3044,0,3044,0,6544600,0,6544600,0,2150.0,2150.0,,,0.0
1988,2014-02-05,6,0,1,0,11700,0,11700,0,25213500,0,25213500,0,2155.0,2155.0,,,0.0
1989,2014-02-04,43,0,55,0,883950,0,883950,0,1983517554,0,1983517554,0,2243.9250568471066,2243.9250568471066,,,0.0
1990,2014-02-03,9,0,2,0,69602,0,69602,0,157022112,0,157022112,0,2256.0,2256.0,,,0.0
1991,2014-02-02,42,0,60,0,696312,0,696312,0,1635505913,0,1635505913,0,2348.811901848597,2348.811901848597,,,0.0
1992,2014-02-01,156,0,239,0,6609391,0,6609391,0,16007584015,0,16007584015,0,2421.945382713778,2421.945382713778,,,0.0
1993,2014-01-29,12,0,3,0,116925,0,116925,0,277696875,0,277696875,0,2375.0,2375.0,,,0.0
1994,2014-01-28,3,0,1,0,16312,0,16312,0,38855184,0,38855184,0,2382.0,2382.0,,,0.0
1995,2014-01-27,2,0,2,0,1500,0,1500,0,3574500,0,3574500,0,2383.0,2383.0,,,0.0
1996,2014-01-26,2,0,3,0,21400,0,21400,0,51210200,0,51210200,0,2393.0,2393.0,,,0.0
1997,2014-01-25,2,0,1,0,8715,0,8715,0,20889855,0,20889855,0,2397.0,2397.0,,,0.0
1998,2014-01-22,3,0,1,0,4251,0,4251,0,10198149,0,10198149,0,2399.0,2399.0,,,0.0
1999,2014-01-21,6,0,1,0,11024,0,11024,0,26490672,0,26490672,0,2403.0,2403.0,,,0.0
2000,2014-01-20,4,1,2,0,5304,1000,6304,0,12761424,2406000,15167424,0,2406.0,2406.0,2406.0,,-1000.0
2001,2014-01-18,10,0,1,0,21720,0,21720,0,52497240,0,52497240,0,2417.0,2417.0,,,0.0
2002,2014-01-15,31,0,58,0,1163125,0,1163125,0,2927771060,0,2927771060,0,2517.159428264374,2517.159428264374,,,0.0
2003,2014-01-14,24,0,3,0,229753,0,229753,0,602182613,0,602182613,0,2621.0,2621.0,,,0.0
2004,2014-01-13,141,1,118,0,1893060,5000,1898060,0,5168643320,13565000,5182208320,0,2730.3114111544273,2730.2658082463145,2713.0,,-5000.0
2005,2014-01-12,90,0,51,1,1593027,0,1493027,100000,4501865190,0,4222432770,279432420,2825.981725356821,2828.1020838872973,,2794.3242,100000.0
2006,2014-01-11,96,1,125,1,2486754,100000,2578754,8000,7156184649,288800000,7421880649,23104000,2877.721177486796,2878.0878862427357,2888.0,2888.0,-92000.0
2007,2014-01-08,353,0,322,1,7413119,0,7383119,30000,20584765332,0,20500795332,83970000,2776.802224812525,2776.712028073772,,2799.0,30000.0
2008,2014-01-07,5,0,30,0,271811,0,271811,0,731715212,0,731715212,0,2692.0,2692.0,,,0.0
2009,2014-01-06,161,1,228,0,3957944,30000,3987944,0,10249732245,76200000,10325932245,0,2589.660754421993,2589.2871727887855,2540.0,,-30000.0
2010,2014-01-05,36,1,2,0,274416,10,274426,0,699211968,25480,699237448,0,2548.0,2548.0,2548.0,,-10.0
2011,2014-01-04,65,1,53,0,887820,1000,888820,0,2356274280,2654000,2358928280,0,2654.0,2654.0,2654.0,,-1000.0
2012,2014-01-01,502,1,447,1,9439596,7000,9196596,250000,26094461770,18972000,25444933770,668500000,2764.362136896537,2766.777378282138,2710.285714285714,2674.0,243000.0
2013,2013-12-30,5,0,17,0,85852,0,85852,0,244506496,0,244506496,0,2848.0,2848.0,,,0.0
2014,2013-12-29,9,0,25,0,242487,0,242487,0,664171893,0,664171893,0,2739.0,2739.0,,,0.0
2015,2013-12-28,13,1,27,0,234818,50000,284818,0,618510612,131700000,750210612,0,2634.0,2634.0,2634.0,,-50000.0
2016,2013-12-25,11,0,31,0,350813,0,350813,0,888609329,0,888609329,0,2533.0,2533.0,,,0.0
2017,2013-12-24,4,0,23,0,237982,0,237982,0,579724152,0,579724152,0,2436.0,2436.0,,,0.0
2018,2013-12-22,4,0,38,0,261525,0,261525,0,612753075,0,612753075,0,2343.0,2343.0,,,0.0
2019,2013-12-21,15,0,30,0,429947,0,429947,0,968670591,0,968670591,0,2253.0,2253.0,,,0.0
2020,2013-12-18,4,0,33,0,409168,0,409168,0,886667056,0,886667056,0,2167.0,2167.0,,,0.0
2021,2013-12-17,8,0,30,0,748139,0,748139,0,1559121676,0,1559121676,0,2084.0,2084.0,,,0.0
2022,2013-12-16,202,0,72,2,3218646,0,2918646,300000,6449227335,0,5848477335,600750000,2003.7081850566979,2003.832371243378,,2002.5,300000.0
2023,2013-12-15,171,1,119,1,3037265,200000,3157265,80000,5851197713,388538872,6084296585,155440000,1926.4692784462336,1927.0782100963968,1942.69436,1943.0,-120000.0
2024,2013-12-14,179,1,108,1,4171007,300000,4271007,200000,7795426617,563100000,7986128503,372398114,1868.9555344788441,1869.8467370809742,1877.0,1861.99057,-100000.0
2025,2013-12-11,65,0,73,1,1700375,0,1600375,100000,3069042675,0,2888542675,180500000,1804.9210762331838,1804.9161446535968,,1805.0,100000.0
2026,2013-12-10,99,1,83,0,2117310,100000,2217310,0,3678241241,171684040,3849925281,0,1737.2237608097066,1736.3044774975083,1716.8404,,-100000.0
2027,2013-12-09,79,0,49,0,1060302,0,1060302,0,1791147849,0,1791147849,0,1689.2808360259623,1689.2808360259623,,,0.0
2028,2013-12-08,75,0,57,0,1092822,0,1092822,0,1891161149,0,1891161149,0,1730.5299023994758,1730.5299023994758,,,0.0
2029,2013-12-07,57,0,61,0,542640,0,542640,0,956569480,0,956569480,0,1762.8067964027716,1762.8067964027716,,,0.0
2030,2013-12-04,90,0,144,0,3097776,0,3097776,0,5519173591,0,5519173591,0,1781.6567727944177,1781.6567727944177,,,0.0
2031,2013-12-03,92,0,120,0,2406428,0,2406428,0,4188329891,0,4188329891,0,1740.4758800180184,1740.4758800180184,,,0.0
2032,2013-12-02,260,1,175,0,4417365,200000,4617365,0,7988600183,370600000,8359200183,0,1808.4537236565238,1810.3832343771826,1853.0,,-200000.0
2033,2013-12-01,4,0,19,0,204446,0,204446,0,364322772,0,364322772,0,1782.0,1782.0,,,0.0
2034,2013-11-30,5,0,20,0,237141,0,237141,0,406459674,0,406459674,0,1714.0,1714.0,,,0.0
2035,2013-11-27,11,0,23,0,276173,0,276173,0,455409277,0,455409277,0,1649.0,1649.0,,,0.0
2036,2013-11-26,50,0,90,0,1023699,0,1023699,0,1623311779,0,1623311779,0,1585.7315275290882,1585.7315275290882,,,0.0
2037,2013-11-25,93,0,79,0,1306673,0,1306673,0,2020482133,0,2020482133,0,1546.2798519599012,1546.2798519599012,,,0.0
2038,2013-11-24,94,0,55,0,592376,0,592376,0,940040769,0,940040769,0,1586.8988092022635,1586.8988092022635,,,0.0
2039,2013-11-23,54,0,72,1,599008,0,549008,50000,950097900,0,871226388,78871512,1586.1188832202574,1586.9101871010987,,1577.43024,50000.0
2040,2013-11-20,69,0,41,0,775154,0,775154,0,1196939096,0,1196939096,0,1544.1307095106263,1544.1307095106263,,,0.0
2041,2013-11-19,58,0,36,0,481854,0,481854,0,770838290,0,770838290,0,1599.7341310853494,1599.7341310853494,,,0.0
2042,2013-11-18,47,0,38,0,482542,0,482542,0,778870128,0,778870128,0,1614.0981054498884,1614.0981054498884,,,0.0
2043,2013-11-17,57,0,64,0,1038216,0,1038216,0,1647007358,0,1647007358,0,1586.382176733936,1586.382176733936,,,0.0
2044,2013-11-16,52,0,51,0,392080,0,392080,0,605672391,0,605672391,0,1544.7673714548052,1544.7673714548052,,,0.0
2045,2013-11-12,54,1,34,0,844636,20000,864636,0,1308882903,31080000,1339962903,0,1549.6413875326175,1549.7422071253106,1554.0,,-20000.0
2046,2013-11-11,46,0,52,0,678739,0,678739,0,1069278901,0,1069278901,0,1575.390394540464,1575.390394540464,,,0.0
2047,2013-11-10,74,0,55,0,1254395,0,1254395,0,2018459082,0,2018459082,0,1609.1096361194043,1609.1096361194043,,,0.0
2048,2013-11-09,81,0,68,0,741769,0,741769,0,1241408412,0,1241408412,0,1673.5781786513053,1673.5781786513053,,,0.0
2049,2013-11-06,148,1,86,1,2115235,20000,2052449,82786,3524058934,33499903,3420469873,137088964,1666.0366030251957,1666.5309944364026,1674.99515,1655.943806923876,62786.0
2050,2013-10-23,104,0,97,0,1335375,0,1335375,0,2525550688,0,2525550688,0,1891.267013385753,1891.267013385753,,,0.0
2051,2013-10-22,71,0,59,0,820319,0,820319,0,1536870802,0,1536870802,0,1873.5038466742817,1873.5038466742817,,,0.0
2052,2013-10-21,65,0,70,0,1038218,0,1038218,0,1976307283,0,1976307283,0,1903.557136362498,1903.557136362498,,,0.0
2053,2013-10-20,85,1,45,0,954661,15000,969661,0,1796341350,28080000,1824421350,0,1881.653644592164,1881.5043092379708,1872.0,,-15000.0
2054,2013-10-19,99,0,74,0,993612,0,993612,0,1936346479,0,1936346479,0,1948.7953839124327,1948.7953839124327,,,0.0
2055,2013-10-15,106,0,99,0,1983333,0,1983333,0,4014743852,0,4014743852,0,2024.24093785562,2024.24093785562,,,0.0
2056,2013-10-14,81,0,70,0,657678,0,657678,0,1329332090,0,1329332090,0,2021.2506576166452,2021.2506576166452,,,0.0
2057,2013-10-13,115,1,74,0,1682960,15000,1697960,0,3371542437,29895000,3401437437,0,2003.340802514617,2003.2494505170912,1993.0,,-15000.0
2058,2013-10-12,154,0,81,1,2387185,0,1745685,641500,4949534371,0,3614054294,1335480077,2073.3769569597666,2070.2785977997178,,2081.808381917381,641500.0
2059,2013-10-09,210,0,154,2,5413498,0,4093498,1320000,11361104977,0,8589104977,2772000000,2098.662450230886,2098.231140457379,,2100.0,1320000.0
2060,2013-10-08,99,1,75,0,1321186,100000,1421186,0,2669741087,201600000,2871341087,0,2020.715544215576,2020.3837407629965,2016.0,,-100000.0
2061,2013-10-07,219,3,184,2,3436073,152786,3473859,115000,7213498914,322170502,7297760416,237909000,2099.343906255775,2100.7647161269356,2108.6388936159074,2068.7739130434784,-37786.0
2062,2013-10-06,9,0,24,1,205917,0,185917,20000,422541684,0,381501684,41040000,2052.0,2052.0,,2052.0,20000.0
2063,2013-10-05,19,0,24,0,854436,0,854436,0,1686656664,0,1686656664,0,1974.0,1974.0,,,0.0
2064,2013-10-02,7,0,28,0,755637,0,755637,0,1434954663,0,1434954663,0,1899.0,1899.0,,,0.0
2065,2013-10-01,63,0,67,0,1632375,0,1632375,0,2980587045,0,2980587045,0,1825.9205421548359,1825.9205421548359,,,0.0
2066,2013-09-30,64,0,46,0,836949,0,836949,0,1517815889,0,1517815889,0,1813.510606978442,1813.510606978442,,,0.0
2067,2013-09-29,144,1,68,1,2002261,20000,2012261,10000,3719397845,36340000,3736637845,19100000,1857.5989069357092,1856.9349825892366,1817.0,1910.0,-10000.0
2068,2013-09-28,4,0,28,0,245497,0,245497,0,457115414,0,457115414,0,1862.0,1862.0,,,0.0
2069,2013-09-25,31,0,81,0,1364618,0,1364618,0,2443954633,0,2443954633,0,1790.9441565331836,1790.9441565331836,,,0.0
2070,2013-09-24,79,1,45,2,1164887,10000,1049884,125003,2032702689,17340000,1833028150,217014539,1744.9784305258793,1745.9339793729594,1734.0,1736.074646208491,115003.0
2071,2013-09-23,62,0,58,1,998761,0,972761,26000,1803515141,0,1756306907,47208234,1805.7524683082338,1805.4865552792514,,1815.7013076923076,26000.0
2072,2013-09-22,69,0,55,0,1012615,0,1012615,0,1819680910,0,1819680910,0,1797.0116085580403,1797.0116085580403,,,0.0
2073,2013-09-21,14,0,22,0,217610,0,217610,0,387781020,0,387781020,0,1782.0,1782.0,,,0.0
2074,2013-09-18,41,1,42,0,593160,20000,613160,0,1017029511,34000000,1051029511,0,1714.5955745498684,1714.119497357949,1700.0,,-20000.0
2075,2013-09-17,60,1,47,0,890123,15000,905123,0,1477470347,24780000,1502250347,0,1659.8496466218714,1659.719559662057,1652.0,,-15000.0
2076,2013-09-16,49,1,25,0,308124,6000,314124,0,525603642,10233000,535836642,0,1705.818573042022,1705.8124880620392,1705.5,,-6000.0
2077,2013-09-15,27,0,21,0,249151,0,249151,0,442527122,0,442527122,0,1776.1402603240606,1776.1402603240606,,,0.0
2078,2013-09-14,44,0,34,0,580435,0,580435,0,1041838206,0,1041838206,0,1794.926574034991,1794.926574034991,,,0.0
2079,2013-09-11,64,0,40,0,707475,0,707475,0,1317109183,0,1317109183,0,1861.704205802325,1861.704205802325,,,0.0
2080,2013-09-10,79,0,39,1,2542689,0,392295,2150394,4840491045,0,746460869,4094030176,1903.6897729136358,1902.8049529053392,,1903.8511900609842,2150394.0
2081,2013-09-09,43,0,10,1,417987,0,367984,50003,765451303,0,674395840,91055463,1831.2801666080525,1832.6770729162138,,1821.0,50003.0
2082,2013-09-08,33,0,65,1,1602790,0,1402790,200000,3039580995,0,2663330995,376250000,1896.431219935238,1898.5956522359013,,1881.25,200000.0
2083,2013-09-07,4,0,1,0,2764,0,2764,0,5094052,0,5094052,0,1843.0,1843.0,,,0.0
2084,2013-09-04,16,0,8,0,38978,0,38978,0,72383076,0,72383076,0,1857.023859613115,1857.023859613115,,,0.0
2085,2013-09-03,39,0,31,0,316036,0,316036,0,611290730,0,611290730,0,1934.243978534091,1934.243978534091,,,0.0
2086,2013-09-01,10,0,32,0,254542,0,254542,0,500412620,0,500412620,0,1965.933401953312,1965.933401953312,,,0.0
2087,2013-08-31,32,0,37,0,1034916,0,1034916,0,1966019259,0,1966019259,0,1899.6896936562966,1899.6896936562966,,,0.0
2088,2013-08-28,31,0,64,0,2603966,0,2603966,0,5095961462,0,5095961462,0,1957.0,1957.0,,,0.0
2089,2013-08-27,111,0,41,0,1450653,0,1450653,0,2956292094,0,2956292094,0,2037.9043740991126,2037.9043740991126,,,0.0
2090,2013-08-26,56,1,29,2,813783,60000,683783,190000,1624028335,120000000,1364028335,380000000,1995.652815308258,1994.826333793031,2000.0,2000.0,130000.0
2091,2013-08-25,62,0,92,0,1222875,0,1222875,0,2353339268,0,2353339268,0,1924.4315796790352,1924.4315796790352,,,0.0
2092,2013-08-24,81,0,90,0,2111895,0,2111895,0,3965772647,0,3965772647,0,1877.8266187476177,1877.8266187476177,,,0.0
2093,2013-08-21,57,0,35,0,414709,0,414709,0,810195999,0,810195999,0,1953.6494240539753,1953.6494240539753,,,0.0
2094,2013-08-20,98,0,128,0,2345293,0,2345293,0,4761779466,0,4761779466,0,2030.3558941249557,2030.3558941249557,,,0.0
2095,2013-08-19,7,0,1,0,3262,0,3262,0,6546834,0,6546834,0,2007.0,2007.0,,,0.0
2096,2013-08-18,5,0,3,0,38069,0,38069,0,76975518,0,76975518,0,2022.0,2022.0,,,0.0
2097,2013-08-17,16,0,6,0,102425,0,102425,0,211405200,0,211405200,0,2064.0,2064.0,,,0.0
2098,2013-08-14,29,0,16,0,317277,0,317277,0,681743547,0,681743547,0,2148.732958897115,2148.732958897115,,,0.0
2099,2013-08-13,85,0,69,2,1627446,0,1487446,140000,3633140021,0,3321439443,311700578,2232.4181699423516,2232.9815287412116,,2226.4327,140000.0
2100,2013-08-12,109,0,109,1,2192081,0,1939081,253000,5045055192,0,4458882272,586172920,2301.4912277420403,2299.4822145129574,,2316.8890118577074,253000.0
2101,2013-08-11,111,0,105,1,2683996,0,2658202,25794,6004564856,0,5945909300,58655556,2237.1735486938132,2236.8162013270626,,2274.0,25794.0
2102,2013-08-07,154,0,102,2,2016308,0,1972102,44206,4585934097,0,4482316617,103617480,2274.4214162717203,2272.862467052921,,2343.968692032756,44206.0
2103,2013-08-06,220,2,114,1,3076527,150000,2426527,800000,7152810602,351300000,5630510602,1873600000,2324.9627264769656,2320.3989083987112,2342.0,2342.0,650000.0
2104,2013-08-05,1,0,7,0,14488,0,14488,0,33829480,0,33829480,0,2335.0,2335.0,,,0.0
2105,2013-08-04,1,0,8,0,18327,0,18327,0,42646929,0,42646929,0,2327.0,2327.0,,,0.0
2106,2013-08-03,61,0,49,2,945344,0,845344,100000,2115592455,0,1887792455,227800000,2237.9075288995327,2233.1647885357916,,2278.0,100000.0
2107,2013-07-22,466,0,274,3,6681945,0,5776251,905694,18337268967,0,15865648995,2471619972,2744.301093020071,2746.703527080108,,2728.979072401937,905694.0
2108,2013-07-21,464,3,157,2,8555700,550000,4606700,4499000,23352554192,1504311742,12547601934,12309264000,2729.473239127132,2723.7723172770097,2735.112258181818,2736.0,3949000.0
2109,2013-07-20,45,0,10,2,1463042,0,340753,1122289,3849263502,0,896521143,2952742359,2631.0,2631.0,,2631.0,1122289.0
2110,2013-07-17,11,0,3,1,265100,0,65100,200000,670703000,0,164703000,506000000,2530.0,2530.0,,2530.0,200000.0
2111,2013-07-16,21,0,2,1,410216,0,10216,400000,998055528,0,24855528,973200000,2433.0,2433.0,,2433.0,400000.0
2112,2013-07-15,15,0,13,1,398520,0,198520,200000,932536800,0,464536800,468000000,2340.0,2340.0,,2340.0,200000.0
2113,2013-07-14,312,1,140,5,6452796,50000,3717794,2785002,14518806783,112650000,8359113065,6272343718,2250.002445916468,2248.406733939535,2253.0,2252.1864321820954,2735002.0
2114,2013-07-13,21,0,15,2,843246,0,263949,579297,1827314082,0,571977483,1255336599,2167.0,2167.0,,2167.0,579297.0
2115,2013-07-10,16,0,2,1,265388,0,25329,240059,553068592,0,52785636,500282956,2084.0,2084.0,,2084.0,240059.0
2116,2013-07-09,15,0,2,2,204590,0,4590,200000,409998360,0,9198360,400800000,2004.0,2004.0,,2004.0,200000.0
2117,2013-07-08,3,0,3,2,260000,0,59,259941,501020000,0,113693,500906307,1927.0,1927.0,,1927.0,259941.0
2118,2013-07-07,12,0,3,2,337283,0,7400,329883,624985399,0,13712200,611273199,1853.0,1853.0,,1853.0,329883.0
2119,2013-07-06,23,1,2,2,540465,175000,151000,564465,963108630,311850000,269082000,1005876630,1782.0,1782.0,1782.0,1782.0,389465.0
2120,2013-07-03,10,0,2,1,160000,0,3000,157000,274240000,0,5142000,269098000,1714.0,1714.0,,1714.0,157000.0
2121,2013-07-02,10,0,1,2,260000,0,1000,259000,428740000,0,1649000,427091000,1649.0,1649.0,,1649.0,259000.0
2122,2013-07-01,4,0,3,2,160000,0,5883,154117,253760000,0,9330438,244429562,1586.0,1586.0,,1586.0,154117.0
2123,2013-06-30,7,0,1,1,200100,0,100,200000,305152500,0,152500,305000000,1525.0,1525.0,,1525.0,200000.0
2124,2013-06-29,3,0,1,1,100100,0,100,100000,148948800,0,148800,148800000,1488.0,1488.0,,1488.0,100000.0
2125,2013-06-26,8,0,0,2,104200,0,0,104200,151090000,0,0,151090000,1450.0,,,1450.0,104200.0
2126,2013-06-25,2,1,2,1,100000,4200,4200,100000,141400000,5938800,5938800,141400000,1414.0,1414.0,1414.0,1414.0,95800.0
2127,2013-06-23,5,0,0,1,100000,0,0,100000,138000000,0,0,138000000,1380.0,,,1380.0,100000.0
2128,2013-06-22,7,1,1,1,95400,10000,5400,100000,128217600,13440000,7257600,134400000,1344.0,1344.0,1344.0,1344.0,90000.0
2129,2013-06-19,4,0,2,1,113983,0,13983,100000,148975781,0,18275781,130700000,1307.0,1307.0,,1307.0,100000.0
2130,2013-06-18,3,0,1,1,104000,0,4000,100000,132496000,0,5096000,127400000,1274.0,1274.0,,1274.0,100000.0
2131,2013-06-17,1,0,2,0,2502,0,2502,0,3182544,0,3182544,0,1272.0,1272.0,,,0.0
2132,2013-06-16,2,0,2,0,11251,0,11251,0,14277519,0,14277519,0,1269.0,1269.0,,,0.0
2133,2013-06-15,1,0,2,0,7616,0,7616,0,9649472,0,9649472,0,1267.0,1267.0,,,0.0
2134,2013-06-12,1,0,2,0,510,0,510,0,646170,0,646170,0,1267.0,1267.0,,,0.0
2135,2013-06-11,1,0,1,0,1,0,1,0,1267,0,1267,0,1267.0,1267.0,,,0.0
2136,2013-06-10,1,0,1,0,5,0,5,0,6335,0,6335,0,1267.0,1267.0,,,0.0
2137,2013-06-09,1,0,3,0,60051,0,60051,0,75003699,0,75003699,0,1249.0,1249.0,,,0.0
2138,2013-06-08,7,0,7,0,183554,0,183554,0,220448354,0,220448354,0,1201.0,1201.0,,,0.0
2139,2013-06-03,2,0,6,0,28351,0,28351,0,33794392,0,33794392,0,1192.0,1192.0,,,0.0
2140,2013-06-02,1,0,2,0,9281,0,9281,0,11035109,0,11035109,0,1189.0,1189.0,,,0.0
2141,2013-06-01,1,0,2,0,2120,0,2120,0,2518560,0,2518560,0,1188.0,1188.0,,,0.0
2142,2013-05-29,2,0,1,0,25000,0,25000,0,29525000,0,29525000,0,1181.0,1181.0,,,0.0
2143,2013-05-28,2,0,2,0,14600,0,14600,0,17184200,0,17184200,0,1177.0,1177.0,,,0.0
2144,2013-05-27,2,0,2,0,50330,0,50330,0,58483460,0,58483460,0,1162.0,1162.0,,,0.0
2145,2013-05-26,2,0,4,0,11204,0,11204,0,12985436,0,12985436,0,1159.0,1159.0,,,0.0
2146,2013-05-25,4,0,6,0,116208,0,116208,0,130966416,0,130966416,0,1127.0,1127.0,,,0.0
2147,2013-05-22,8,0,18,1,330840,0,280840,50000,358484904,0,303884904,54600000,1083.5597388465724,1082.0570573992309,,1092.0,50000.0
2148,2013-05-15,5,0,2,0,58083,0,58083,0,52448949,0,52448949,0,903.0,903.0,,,0.0
2149,2013-05-14,5,0,1,0,14025,0,14025,0,12706650,0,12706650,0,906.0,906.0,,,0.0
2150,2013-05-13,8,0,4,0,28234,0,28234,0,26627744,0,26627744,0,943.1091591697952,943.1091591697952,,,0.0
2151,2013-05-08,18,0,23,0,640883,0,640883,0,644366424,0,644366424,0,1005.4353509142854,1005.4353509142854,,,0.0
2152,2013-05-07,61,1,56,1,839533,50000,668993,220540,874053743,53700000,690893783,236859960,1041.1189828154463,1032.7369389515286,1074.0,1074.0,170540.0
2153,2013-05-06,3,0,7,1,160082,0,53082,107000,165364706,0,54833706,110531000,1033.0,1033.0,,1033.0,107000.0
2154,2013-05-05,5,0,6,0,124901,0,124901,0,125150802,0,125150802,0,1002.0,1002.0,,,0.0
2155,2013-05-04,1,0,7,0,50000,0,50000,0,49500000,0,49500000,0,990.0,990.0,,,0.0
2156,2013-05-01,4,0,3,0,46561,0,46561,0,45536658,0,45536658,0,978.0,978.0,,,0.0
2157,2013-04-30,3,0,3,0,31150,0,31150,0,30246650,0,30246650,0,971.0,971.0,,,0.0
2158,2013-04-29,1,0,4,0,5793,0,5793,0,5619210,0,5619210,0,970.0,970.0,,,0.0
2159,2013-04-28,1,0,2,0,2051,0,2051,0,1989470,0,1989470,0,970.0,970.0,,,0.0
2160,2013-04-27,2,0,4,0,16010,0,16010,0,15465660,0,15465660,0,966.0,966.0,,,0.0
2161,2013-04-24,3,0,4,0,82300,0,82300,0,77855800,0,77855800,0,946.0,946.0,,,0.0
2162,2013-04-23,1,0,3,0,20839,0,20839,0,19609499,0,19609499,0,941.0,941.0,,,0.0
2163,2013-04-22,6,0,8,0,126570,0,126570,0,115431840,0,115431840,0,912.0,912.0,,,0.0
2164,2013-04-21,2,0,5,0,16000,0,16000,0,14528000,0,14528000,0,908.0,908.0,,,0.0
2165,2013-04-20,2,0,3,0,60051,0,60051,0,53745645,0,53745645,0,895.0,895.0,,,0.0
2166,2013-04-17,5,0,8,0,133322,0,133322,0,115590174,0,115590174,0,867.0,867.0,,,0.0
2167,2013-04-16,2,0,4,0,31567,0,31567,0,27147620,0,27147620,0,860.0,860.0,,,0.0
2168,2013-04-15,1,0,4,0,24931,0,24931,0,21291074,0,21291074,0,854.0,854.0,,,0.0
2169,2013-04-13,18,0,12,0,303839,0,303839,0,249692107,0,249692107,0,821.7908398855973,821.7908398855973,,,0.0
2170,2013-04-10,39,0,15,0,790963,0,790963,0,626120596,0,626120596,0,791.5927748832752,791.5927748832752,,,0.0
2171,2013-04-09,1,0,6,0,31801,0,31801,0,24995586,0,24995586,0,786.0,786.0,,,0.0
2172,2013-04-08,13,0,17,0,311614,0,311614,0,235557793,0,235557793,0,755.9281450769221,755.9281450769221,,,0.0
2173,2013-04-07,11,0,18,0,431956,0,431956,0,315794360,0,315794360,0,731.0799248071563,731.0799248071563,,,0.0
2174,2013-04-06,13,0,9,0,149332,0,149332,0,104971179,0,104971179,0,702.938278466772,702.938278466772,,,0.0
2175,2013-04-03,6,0,9,0,144592,0,144592,0,103345622,0,103345622,0,714.7395568219542,714.7395568219542,,,0.0
2176,2013-03-31,8,0,12,0,120445,0,120445,0,87430539,0,87430539,0,725.8959608119889,725.8959608119889,,,0.0
2177,2013-03-30,7,0,9,0,86148,0,86148,0,61753560,0,61753560,0,716.8310349630868,716.8310349630868,,,0.0
2178,2013-03-27,14,0,13,0,128753,0,128753,0,92240350,0,92240350,0,716.4132097892865,716.4132097892865,,,0.0
2179,2013-03-26,6,0,5,0,143954,0,143954,0,100191984,0,100191984,0,696.0,696.0,,,0.0
2180,2013-03-25,8,0,4,0,59374,0,59374,0,40730564,0,40730564,0,686.0,686.0,,,0.0
2181,2013-03-18,2,0,8,0,51392,0,51392,0,34833776,0,34833776,0,677.8054171855541,677.8054171855541,,,0.0
2182,2013-03-17,16,0,5,0,242300,0,242300,0,158010532,0,158010532,0,652.1276599257119,652.1276599257119,,,0.0
2183,2013-03-16,19,0,12,0,198929,0,198929,0,134585561,0,134585561,0,676.5507341815421,676.5507341815421,,,0.0
2184,2013-03-13,4,0,7,0,22939,0,22939,0,15928189,0,15928189,0,694.371550634291,694.371550634291,,,0.0
2185,2013-03-12,17,0,30,0,341234,0,341234,0,238768611,0,238768611,0,699.7210447962395,699.7210447962395,,,0.0
2186,2013-03-11,17,0,19,0,135467,0,135467,0,92426087,0,92426087,0,682.2775066990484,682.2775066990484,,,0.0
2187,2013-03-10,11,0,6,0,91503,0,91503,0,61975075,0,61975075,0,677.3010174529796,677.3010174529796,,,0.0
2188,2013-03-09,13,0,16,0,363506,0,363506,0,255188155,0,255188155,0,702.0191000973849,702.0191000973849,,,0.0
2189,2013-02-18,27,0,19,0,241550,0,241550,0,176699846,0,176699846,0,731.5249265162493,731.5249265162493,,,0.0
2190,2013-02-17,30,0,17,0,466103,0,466103,0,332945042,0,332945042,0,714.3164536593843,714.3164536593843,,,0.0
2191,2013-02-16,19,0,13,0,494441,0,494441,0,360679845,0,360679845,0,729.4699367568628,729.4699367568628,,,0.0
2192,2013-02-13,28,0,26,0,787858,0,787858,0,596824505,0,596824505,0,757.5280126621802,757.5280126621802,,,0.0
2193,2013-02-12,2,0,8,0,58925,0,58925,0,44016975,0,44016975,0,747.0,747.0,,,0.0
2194,2013-02-11,8,0,13,0,234107,0,234107,0,168307933,0,168307933,0,718.9359267343565,718.9359267343565,,,0.0
2195,2013-02-09,12,0,9,0,362647,0,362647,0,250951724,0,250951724,0,692.0,692.0,,,0.0
2196,2013-02-06,1,0,9,0,62812,0,62812,0,42833784,0,42833784,0,681.936317901038,681.936317901038,,,0.0
2197,2013-02-05,14,1,8,0,175653,1000,176653,0,115148311,658000,115806311,0,655.5442320939579,655.5581337424215,658.0,,-1000.0
2198,2013-02-04,10,1,1,0,147399,2601,150000,0,98012682,1724463,99737145,0,664.9480797020333,664.9143,663.0,,-2601.0
2199,2013-02-03,4,1,4,0,32601,2399,35000,0,22053411,1614527,23667938,0,676.4642495628968,676.2268,673.0,,-2399.0
2200,2013-02-02,4,0,3,0,60439,0,60439,0,42305257,0,42305257,0,699.9661973229206,699.9661973229206,,,0.0
2201,2013-01-30,8,1,10,0,261137,10000,271137,0,178725219,6630000,185355219,0,684.4117034353615,683.6220028989035,663.0,,-10000.0
2202,2013-01-28,6,0,8,0,61145,0,61145,0,41166690,0,41166690,0,673.2633903017418,673.2633903017418,,,0.0
2203,2013-01-27,4,0,9,0,60043,0,60043,0,40218009,0,40218009,0,669.8201122528855,669.8201122528855,,,0.0
2204,2013-01-26,13,0,4,0,83890,0,83890,0,53839110,0,53839110,0,641.782214805102,641.782214805102,,,0.0
2205,2013-01-23,10,0,6,0,39426,0,39426,0,26665487,0,26665487,0,676.3426926393751,676.3426926393751,,,0.0
2206,2013-01-22,16,0,7,0,247340,0,247340,0,163067132,0,163067132,0,659.2833023368643,659.2833023368643,,,0.0
2207,2013-01-21,7,0,8,0,161057,0,161057,0,108930392,0,108930392,0,676.3468337296733,676.3468337296733,,,0.0
2208,2013-01-20,9,0,8,0,101525,0,101525,0,69577952,0,69577952,0,685.3282639743906,685.3282639743906,,,0.0
2209,2013-01-19,13,0,7,0,150922,0,150922,0,105024354,0,105024354,0,695.8849869468997,695.8849869468997,,,0.0
2210,2013-01-16,11,0,9,0,118762,0,118762,0,82705656,0,82705656,0,696.398309223489,696.398309223489,,,0.0
2211,2013-01-15,10,0,8,0,151018,0,151018,0,108452052,0,108452052,0,718.1399038525209,718.1399038525209,,,0.0
2212,2013-01-14,11,0,11,0,111973,0,111973,0,84007115,0,84007115,0,750.2443892724139,750.2443892724139,,,0.0
2213,2013-01-13,16,0,24,0,212065,0,212065,0,154067665,0,154067665,0,726.5115176950463,726.5115176950463,,,0.0
2214,2013-01-09,7,0,11,0,67600,0,67600,0,48092142,0,48092142,0,711.4222189349113,711.4222189349113,,,0.0
2215,2013-01-08,18,0,6,0,114357,0,114357,0,79013259,0,79013259,0,690.9350455153598,690.9350455153598,,,0.0
2216,2013-01-07,13,0,8,0,73020,0,73020,0,51609320,0,51609320,0,706.7833470282114,706.7833470282114,,,0.0
2217,2013-01-06,5,0,5,0,48976,0,48976,0,34378196,0,34378196,0,701.9396439072199,701.9396439072199,,,0.0
2218,2013-01-02,5,0,8,0,29658,0,29658,0,20985192,0,20985192,0,707.5727291118753,707.5727291118753,,,0.0
2219,2013-01-01,11,0,4,0,58655,0,58655,0,40634275,0,40634275,0,692.7674537550081,692.7674537550081,,,0.0
2220,2012-12-31,15,0,6,0,117993,0,117993,0,83968566,0,83968566,0,711.6402328951717,711.6402328951717,,,0.0
2221,2012-12-30,23,0,16,0,235383,0,235383,0,173555957,0,173555957,0,737.3342892222463,737.3342892222463,,,0.0
2222,2012-12-29,8,0,7,0,53430,0,53430,0,39398560,0,39398560,0,737.3864869923264,737.3864869923264,,,0.0
2223,2012-12-26,13,0,11,0,423879,0,423879,0,311437850,0,311437850,0,734.7329072683478,734.7329072683478,,,0.0
2224,2012-12-25,8,0,7,0,122562,0,122562,0,87204635,0,87204635,0,711.5144579886098,711.5144579886098,,,0.0
2225,2012-12-24,21,0,9,0,147880,0,147880,0,103369988,0,103369988,0,699.0126318636733,699.0126318636733,,,0.0
2226,2012-12-23,22,0,9,0,329416,0,329416,0,236330966,0,236330966,0,717.4240656191563,717.4240656191563,,,0.0
2227,2012-12-22,16,0,6,0,221598,0,221598,0,161073186,0,161073186,0,726.8711179703788,726.8711179703788,,,0.0
2228,2012-12-19,20,0,8,0,173817,0,173817,0,128839269,0,128839269,0,741.2351438581957,741.2351438581957,,,0.0
2229,2012-12-18,6,0,6,0,2397,0,2397,0,1788802,0,1788802,0,746.2670004171881,746.2670004171881,,,0.0
2230,2012-12-17,21,0,7,1,189804,0,153100,36704,142789000,0,115261000,27528000,752.2971064887989,752.8478118876551,,750.0,36704.0
2231,2012-12-16,4,0,6,0,50596,0,50596,0,39344731,0,39344731,0,777.6253261127362,777.6253261127362,,,0.0
2232,2012-12-15,11,0,7,0,117127,0,117127,0,91891091,0,91891091,0,784.5423429269084,784.5423429269084,,,0.0
2233,2012-12-12,14,0,11,0,166990,0,166990,0,129771092,0,129771092,0,777.1189412539673,777.1189412539673,,,0.0
2234,2012-12-11,23,0,5,0,293410,0,293410,0,221683732,0,221683732,0,755.5425241130159,755.5425241130159,,,0.0
2235,2012-12-10,18,0,3,0,107818,0,107818,0,83465847,0,83465847,0,774.1364799940641,774.1364799940641,,,0.0
2236,2012-12-09,14,0,5,0,152722,0,152722,0,120248142,0,120248142,0,787.3662078809864,787.3662078809864,,,0.0
2237,2012-12-08,7,0,5,0,74120,0,74120,0,59587680,0,59587680,0,803.9352401511063,803.9352401511063,,,0.0
2238,2012-12-05,10,0,5,0,119048,0,119048,0,94581839,0,94581839,0,794.4849052483032,794.4849052483032,,,0.0
2239,2012-12-04,21,0,10,0,277711,0,277711,0,226013838,0,226013838,0,813.845465249846,813.845465249846,,,0.0
2240,2012-12-03,10,0,14,0,239566,0,239566,0,202500514,0,202500514,0,845.2806909160732,845.2806909160732,,,0.0
2241,2012-12-02,21,0,13,1,844691,0,494691,350000,722054931,0,422804931,299250000,854.8154662474207,854.68490633547,,855.0,350000.0
2242,2012-12-01,5,0,7,0,162306,0,162306,0,133558458,0,133558458,0,822.8805959114266,822.8805959114266,,,0.0
2243,2012-11-28,14,0,12,0,187234,0,187234,0,149282376,0,149282376,0,797.3037802963137,797.3037802963137,,,0.0
2244,2012-11-27,15,0,11,1,222828,0,172828,50000,179287149,0,139187149,40100000,804.5988340783025,805.3506897030574,,802.0,50000.0
2245,2012-11-26,6,0,4,0,17741,0,17741,0,14579340,0,14579340,0,821.7879488191196,821.7879488191196,,,0.0
2246,2012-11-21,14,0,19,0,367050,0,367050,0,304138040,0,304138040,0,828.6011170140308,828.6011170140308,,,0.0
2247,2012-11-20,10,0,4,0,222555,0,222555,0,181879435,0,181879435,0,817.2336501089618,817.2336501089618,,,0.0
2248,2012-11-19,17,0,10,0,283449,0,283449,0,241354994,0,241354994,0,851.4935455761001,851.4935455761001,,,0.0
2249,2012-11-18,10,0,20,0,165495,0,165495,0,145859440,0,145859440,0,881.3525484153599,881.3525484153599,,,0.0
2250,2012-11-17,15,0,8,0,309000,0,309000,0,266485590,0,266485590,0,862.4129126213592,862.4129126213592,,,0.0
2251,2012-11-14,21,0,16,0,530251,0,530251,0,475554234,0,475554234,0,896.8474062283711,896.8474062283711,,,0.0
2252,2012-11-13,33,0,24,0,711741,0,711741,0,621041197,0,621041197,0,872.5662804306622,872.5662804306622,,,0.0
2253,2012-11-12,12,0,6,0,174333,0,174333,0,157251896,0,157251896,0,902.0202486046818,902.0202486046818,,,0.0
2254,2012-11-11,30,0,18,2,872389,0,446286,426103,816398754,0,418218098,398180656,935.8196332140823,937.1078142715658,,934.4704355519675,426103.0
2255,2012-11-10,35,0,36,0,831361,0,831361,0,750737910,0,750737910,0,903.0227662832392,903.0227662832392,,,0.0
2256,2012-11-07,2,0,1,0,40,0,40,0,36080,0,36080,0,902.0,902.0,,,0.0
2257,2012-11-06,1,0,1,0,100,0,100,0,90200,0,90200,0,902.0,902.0,,,0.0
2258,2012-11-05,6,0,2,0,51113,0,51113,0,46666169,0,46666169,0,913.0,913.0,,,0.0
2259,2012-11-04,7,0,7,0,153970,0,153970,0,146216870,0,146216870,0,949.6451906215497,949.6451906215497,,,0.0
2260,2012-10-31,25,1,18,0,339014,50000,389014,0,335383672,48850000,384233672,0,989.2915100851292,987.7116813276643,977.0,,-50000.0
2261,2012-10-30,37,0,16,1,745011,0,250650,494361,754551745,0,253269691,501282054,1012.8061800429792,1010.4515898663475,,1014.0,494361.0
2262,2012-10-29,39,0,51,1,938201,0,874852,63349,914321429,0,855343510,58977919,974.5474892906744,977.7008111086218,,931.0,63349.0
2263,2012-10-28,27,0,11,0,339771,0,339771,0,329361292,0,329361292,0,969.3625765589176,969.3625765589176,,,0.0
2264,2012-10-21,50,0,29,1,711813,0,611813,100000,754423701,0,650075212,104348489,1059.8622124069102,1062.539063406629,,1043.48489,100000.0
2265,2012-10-20,97,0,29,5,3179082,0,850631,2328451,3419991867,0,914578591,2505413276,1075.7796958367226,1075.1766523909898,,1076.0,2328451.0
2266,2012-10-17,1,0,1,1,1963,0,1000,963,2110225,0,1075000,1035225,1075.0,1075.0,,1075.0,963.0
2267,2012-10-16,9,0,1,1,154010,0,10,154000,159400350,0,10350,159390000,1035.0,1035.0,,1035.0,154000.0
2268,2012-10-15,2,0,6,1,76893,0,6799,70094,78123288,0,6907784,71215504,1016.0,1016.0,,1016.0,70094.0
2269,2012-10-14,2,0,4,0,95100,0,95100,0,94339200,0,94339200,0,992.0,992.0,,,0.0
2270,2012-10-10,8,0,3,0,376446,0,376446,0,359129484,0,359129484,0,954.0,954.0,,,0.0
2271,2012-10-09,1,0,2,0,10000,0,10000,0,9520000,0,9520000,0,952.0,952.0,,,0.0
2272,2012-10-08,1,0,2,0,17000,0,17000,0,16116000,0,16116000,0,948.0,948.0,,,0.0
2273,2012-10-07,5,0,2,0,37000,0,37000,0,34780000,0,34780000,0,940.0,940.0,,,0.0
2274,2012-10-06,3,0,1,0,50000,0,50000,0,46400000,0,46400000,0,928.0,928.0,,,0.0
2275,2012-10-03,9,0,2,0,595226,0,595226,0,531536818,0,531536818,0,893.0,893.0,,,0.0
2276,2012-10-02,40,0,19,1,787850,0,750880,36970,676602820,0,644734680,31868140,858.7964967950752,858.6387705092691,,862.0,36970.0
2277,2012-10-01,4,0,2,0,100390,0,100390,0,79408490,0,79408490,0,791.0,791.0,,,0.0
2278,2012-09-30,2,0,5,0,63679,0,63679,0,49542262,0,49542262,0,778.0,778.0,,,0.0
2279,2012-09-29,1,0,1,0,50,0,50,0,38900,0,38900,0,778.0,778.0,,,0.0
2280,2012-09-26,1,0,2,0,249,0,249,0,193722,0,193722,0,778.0,778.0,,,0.0
2281,2012-09-25,2,0,2,0,22500,0,22500,0,17415000,0,17415000,0,774.0,774.0,,,0.0
2282,2012-09-24,7,0,15,0,180196,0,180196,0,134172094,0,134172094,0,744.5897467202379,744.5897467202379,,,0.0
2283,2012-09-23,2,0,14,0,350411,0,350411,0,251595309,0,251595309,0,718.0006021500467,718.0006021500467,,,0.0
2284,2012-09-22,10,0,13,0,248039,0,248039,0,171543027,0,171543027,0,691.5969948274263,691.5969948274263,,,0.0
2285,2012-09-19,28,0,12,1,347433,0,202295,145138,232437179,0,136978581,95458598,669.01295789404,677.1229194987518,,657.7092008984553,145138.0
2286,2012-09-18,24,0,4,1,362640,0,14650,347990,246432542,0,10619050,235813492,679.5514615045224,724.8498293515358,,677.6444495531481,347990.0
2287,2012-09-17,12,0,13,0,213483,0,213483,0,149545572,0,149545572,0,700.5034218181307,700.5034218181307,,,0.0
2288,2012-09-16,14,0,13,1,335371,0,241310,94061,229441258,0,165198058,64243200,684.1416162995608,684.5885292776926,,682.9950776623681,94061.0
2289,2012-09-15,13,0,3,1,269706,0,60706,209000,186495773,0,42054792,144440981,691.4780279267054,692.7617039501862,,691.1051722488038,209000.0
2290,2012-09-11,12,0,11,0,249070,0,249070,0,178020490,0,178020490,0,714.740795760228,714.740795760228,,,0.0
2291,2012-09-10,15,0,17,0,204713,0,204713,0,145895750,0,145895750,0,712.684343446679,712.684343446679,,,0.0
2292,2012-09-09,36,0,5,1,712530,0,76530,636000,525133610,0,56401610,468732000,736.9985965503207,736.9869332287992,,737.0,636000.0
2293,2012-09-08,2,0,2,0,300000,0,300000,0,212700000,0,212700000,0,709.0,709.0,,,0.0
2294,2012-09-05,8,0,3,1,136796,0,110438,26358,92945853,0,75174622,17771231,679.4486169186233,680.6952498234303,,674.2253205857804,26358.0
2295,2012-09-04,11,0,22,0,669473,0,669473,0,466095329,0,466095329,0,696.2122878741936,696.2122878741936,,,0.0
2296,2012-09-03,1,0,1,0,3530,0,3530,0,2449820,0,2449820,0,694.0,694.0,,,0.0
2297,2012-08-25,1,0,1,0,1000,0,1000,0,694000,0,694000,0,694.0,694.0,,,0.0
2298,2012-08-18,1,0,1,0,1400,0,1400,0,971600,0,971600,0,694.0,694.0,,,0.0
2299,2012-07-29,2,0,1,0,5012,0,5012,0,3483340,0,3483340,0,695.0,695.0,,,0.0
2300,2012-07-25,2,0,1,0,1715,0,1715,0,1191925,0,1191925,0,695.0,695.0,,,0.0
2301,2012-07-17,2,0,1,0,85000,0,85000,0,60265000,0,60265000,0,709.0,709.0,,,0.0
2302,2012-07-16,1,0,1,0,5510,0,5510,0,3912100,0,3912100,0,710.0,710.0,,,0.0
2303,2012-07-14,6,0,1,0,10929,0,10929,0,8076561,0,8076561,0,739.0027449903926,739.0027449903926,,,0.0
2304,2012-07-04,2,0,1,0,45000,0,45000,0,36495000,0,36495000,0,811.0,811.0,,,0.0
2305,2012-07-03,1,0,1,0,106,0,106,0,85966,0,85966,0,811.0,811.0,,,0.0
2306,2012-07-02,1,0,1,0,1180,0,1180,0,956980,0,956980,0,811.0,811.0,,,0.0
2307,2012-06-30,2,0,2,0,11270,0,11270,0,9162510,0,9162510,0,813.0,813.0,,,0.0
2308,2012-06-27,1,0,2,0,1000,0,1000,0,813000,0,813000,0,813.0,813.0,,,0.0
2309,2012-06-25,1,0,1,0,30,0,30,0,24390,0,24390,0,813.0,813.0,,,0.0
2310,2012-06-23,1,0,1,0,100,0,100,0,81300,0,81300,0,813.0,813.0,,,0.0
2311,2012-06-20,2,0,1,0,1600,0,1600,0,1300800,0,1300800,0,813.0,813.0,,,0.0
2312,2012-06-19,1,0,1,0,10,0,10,0,8130,0,8130,0,813.0,813.0,,,0.0
2313,2012-06-17,2,0,1,0,410,0,410,0,333330,0,333330,0,813.0,813.0,,,0.0
2314,2012-06-16,2,0,1,0,3010,0,3010,0,2450140,0,2450140,0,814.0,814.0,,,0.0
2315,2012-06-13,1,0,1,0,20,0,20,0,16280,0,16280,0,814.0,814.0,,,0.0
2316,2012-06-11,1,0,1,0,3300,0,3300,0,2689500,0,2689500,0,815.0,815.0,,,0.0
2317,2012-06-10,2,0,2,0,110,0,110,0,93300,0,93300,0,848.1818181818181,848.1818181818181,,,0.0
2318,2012-06-06,2,0,1,0,6800,0,6800,0,6256000,0,6256000,0,920.0,920.0,,,0.0
2319,2012-06-05,1,0,1,0,4321,0,4321,0,3979641,0,3979641,0,921.0,921.0,,,0.0
2320,2012-06-02,9,0,2,0,11238,0,11238,0,10777437,0,10777437,0,959.0173518419648,959.0173518419648,,,0.0
2321,2012-05-29,2,1,1,0,2063,1000,3063,0,2149646,1042000,3191646,0,1042.0,1042.0,1042.0,,-1000.0
2322,2012-05-28,1,0,1,0,1000,0,1000,0,1042000,0,1042000,0,1042.0,1042.0,,,0.0
2323,2012-05-26,3,0,1,0,600,0,600,0,625200,0,625200,0,1042.0,1042.0,,,0.0
2324,2012-05-23,2,0,1,0,20,0,20,0,21700,0,21700,0,1085.0,1085.0,,,0.0
2325,2012-05-21,2,0,1,0,420,0,420,0,455700,0,455700,0,1085.0,1085.0,,,0.0
2326,2012-05-09,3,0,1,0,23355,0,23355,0,25503660,0,25503660,0,1092.0,1092.0,,,0.0
2327,2012-05-08,3,0,2,0,10906,0,10906,0,11942070,0,11942070,0,1095.0,1095.0,,,0.0
2328,2012-05-06,2,0,1,0,60,0,60,0,65700,0,65700,0,1095.0,1095.0,,,0.0
2329,2012-05-05,2,0,1,0,500,0,500,0,570000,0,570000,0,1140.0,1140.0,,,0.0
2330,2012-02-15,1,0,3,0,27742,0,27742,0,30849104,0,30849104,0,1112.0,1112.0,,,0.0
2331,2012-02-12,1,0,3,0,9466,0,9466,0,10554590,0,10554590,0,1115.0,1115.0,,,0.0
2332,2012-02-06,2,0,1,0,5000,0,5000,0,5580000,0,5580000,0,1116.0,1116.0,,,0.0
2333,2012-02-05,3,0,2,0,7419,0,7419,0,8600400,0,8600400,0,1159.239789729074,1159.239789729074,,,0.0
2334,2012-02-04,8,0,8,0,71030,0,71030,0,80759050,0,80759050,0,1136.9709981697874,1136.9709981697874,,,0.0
2335,2012-02-01,1,0,1,0,1000,0,1000,0,1135000,0,1135000,0,1135.0,1135.0,,,0.0
2336,2012-01-29,2,0,2,0,9000,0,9000,0,10242000,0,10242000,0,1138.0,1138.0,,,0.0
2337,2012-01-28,1,0,2,0,1000,0,1000,0,1138000,0,1138000,0,1138.0,1138.0,,,0.0
2338,2012-01-23,1,0,3,0,50000,0,50000,0,57600000,0,57600000,0,1152.0,1152.0,,,0.0
2339,2012-01-21,1,0,1,0,55,0,55,0,63360,0,63360,0,1152.0,1152.0,,,0.0
2340,2012-01-09,1,0,1,0,310,0,310,0,357120,0,357120,0,1152.0,1152.0,,,0.0
2341,2012-01-07,2,0,1,0,2840,0,2840,0,3274520,0,3274520,0,1153.0,1153.0,,,0.0
2342,2012-01-04,2,0,2,0,9381,0,9381,0,10844436,0,10844436,0,1156.0,1156.0,,,0.0
2343,2012-01-03,2,0,1,0,1150,0,1150,0,1329400,0,1329400,0,1156.0,1156.0,,,0.0
2344,2012-01-02,1,0,2,0,8588,0,8588,0,9953492,0,9953492,0,1159.0,1159.0,,,0.0
2345,2011-12-31,2,0,1,0,1050,0,1050,0,1216950,0,1216950,0,1159.0,1159.0,,,0.0
2346,2011-12-21,2,0,2,0,1530,0,1530,0,1774370,0,1774370,0,1159.7189542483661,1159.7189542483661,,,0.0
2347,2011-12-20,1,0,1,0,100,0,100,0,123700,0,123700,0,1237.0,1237.0,,,0.0
2348,2011-12-19,10,0,12,0,110397,0,110397,0,134814938,0,134814938,0,1221.1829850448835,1221.1829850448835,,,0.0
2349,2011-12-18,1,0,5,0,24392,0,24392,0,29611888,0,29611888,0,1214.0,1214.0,,,0.0
2350,2011-12-17,10,0,7,0,142716,0,142716,0,167176653,0,167176653,0,1171.393908181283,1171.393908181283,,,0.0
2351,2011-12-14,5,0,6,0,103121,0,103121,0,115655464,0,115655464,0,1121.5510322824643,1121.5510322824643,,,0.0
2352,2011-12-10,1,0,1,0,10,0,10,0,11210,0,11210,0,1121.0,1121.0,,,0.0
2353,2011-12-04,6,0,4,0,76764,0,76764,0,87741252,0,87741252,0,1143.0,1143.0,,,0.0
2354,2011-11-21,1,0,1,0,47334,0,47334,0,54718104,0,54718104,0,1156.0,1156.0,,,0.0
2355,2011-11-20,1,0,3,0,3316,0,3316,0,3956744,0,3956744,0,1193.2279855247286,1193.2279855247286,,,0.0
2356,2011-11-16,2,0,1,0,3510,0,3510,0,4061070,0,4061070,0,1157.0,1157.0,,,0.0
2357,2011-11-12,1,0,1,0,500,0,500,0,585000,0,585000,0,1170.0,1170.0,,,0.0
2358,2011-11-08,1,0,2,0,900,0,900,0,1059374,0,1059374,0,1177.0822222222223,1177.0822222222223,,,0.0
2359,2011-11-06,2,0,1,0,5500,0,5500,0,6430000,0,6430000,0,1169.090909090909,1169.090909090909,,,0.0
2360,2011-11-05,3,0,1,0,8960,0,8960,0,10911200,0,10911200,0,1217.767857142857,1217.767857142857,,,0.0
2361,2011-11-02,2,0,2,0,16000,0,16000,0,19616000,0,19616000,0,1226.0,1226.0,,,0.0
2362,2011-11-01,4,0,2,0,36000,0,36000,0,43022871,0,43022871,0,1195.07975,1195.07975,,,0.0
2363,2011-10-31,2,0,3,0,25010,0,25010,0,28841500,0,28841500,0,1153.1987205117953,1153.1987205117953,,,0.0
2364,2011-10-30,1,0,1,0,5400,0,5400,0,6048000,0,6048000,0,1120.0,1120.0,,,0.0
2365,2011-10-29,3,0,3,0,66000,0,66000,0,74101000,0,74101000,0,1122.7424242424242,1122.7424242424242,,,0.0
2366,2011-10-26,4,0,2,0,966,0,966,0,1073346,0,1073346,0,1111.1242236024846,1111.1242236024846,,,0.0
2367,2011-10-25,2,0,2,0,20000,0,20000,0,22960000,0,22960000,0,1148.0,1148.0,,,0.0
2368,2011-10-23,2,0,2,0,20000,0,20000,0,23700000,0,23700000,0,1185.0,1185.0,,,0.0
2369,2011-10-19,4,0,2,0,10788,0,10788,0,13022552,0,13022552,0,1207.1331108639229,1207.1331108639229,,,0.0
2370,2011-10-18,3,0,3,0,20085,0,20085,0,24885400,0,24885400,0,1239.0042320139407,1239.0042320139407,,,0.0
2371,2011-10-17,3,0,3,0,8460,0,8460,0,10889700,0,10889700,0,1287.1985815602836,1287.1985815602836,,,0.0
2372,2011-10-16,3,0,4,0,33000,0,33000,0,42630000,0,42630000,0,1291.8181818181818,1291.8181818181818,,,0.0
2373,2011-10-15,6,0,5,0,24383,0,24383,0,32741750,0,32741750,0,1342.8105647377272,1342.8105647377272,,,0.0
2374,2011-10-12,10,0,15,0,158578,0,158578,0,220958771,0,220958771,0,1393.3759474832575,1393.3759474832575,,,0.0
2375,2011-10-11,5,0,8,0,51583,0,51583,0,69364256,0,69364256,0,1344.711552255588,1344.711552255588,,,0.0
2376,2011-10-10,7,0,7,0,38900,0,38900,0,50356000,0,50356000,0,1294.4987146529563,1294.4987146529563,,,0.0
2377,2011-10-08,5,0,6,0,40426,0,40426,0,50379210,0,50379210,0,1246.2081333795081,1246.2081333795081,,,0.0
2378,2011-10-05,2,0,1,0,20000,0,20000,0,24500000,0,24500000,0,1225.0,1225.0,,,0.0
2379,2011-10-04,1,0,1,0,100,0,100,0,125300,0,125300,0,1253.0,1253.0,,,0.0
2380,2011-10-01,1,0,1,0,4500,0,4500,0,5494500,0,5494500,0,1221.0,1221.0,,,0.0
2381,2011-09-26,3,0,2,0,18000,0,18000,0,22451000,0,22451000,0,1247.2777777777778,1247.2777777777778,,,0.0
2382,2011-09-25,5,0,5,0,77496,0,77496,0,100279824,0,100279824,0,1294.0,1294.0,,,0.0
2383,2011-09-21,6,0,7,0,40220,0,40220,0,54195751,0,54195751,0,1347.4826205867728,1347.4826205867728,,,0.0
2384,2011-09-20,1,0,4,0,23501,0,23501,0,30856813,0,30856813,0,1313.0,1313.0,,,0.0
2385,2011-09-19,4,0,2,0,22000,0,22000,0,27918000,0,27918000,0,1269.0,1269.0,,,0.0
2386,2011-09-18,2,0,3,0,3274,0,3274,0,4135062,0,4135062,0,1263.0,1263.0,,,0.0
2387,2011-09-17,2,0,2,0,4000,0,4000,0,5020000,0,5020000,0,1255.0,1255.0,,,0.0
2388,2011-09-14,5,0,7,0,36900,0,36900,0,44553200,0,44553200,0,1207.4037940379403,1207.4037940379403,,,0.0
2389,2011-09-13,2,0,3,0,30098,0,30098,0,34981054,0,34981054,0,1162.2384876071499,1162.2384876071499,,,0.0
2390,2011-09-12,4,0,5,0,54725,0,54725,0,61228925,0,61228925,0,1118.8474189127455,1118.8474189127455,,,0.0
2391,2011-09-11,5,0,6,0,28047,0,28047,0,30228846,0,30228846,0,1077.7924911755267,1077.7924911755267,,,0.0
2392,2011-09-10,2,0,1,0,4085,0,4085,0,4205170,0,4205170,0,1029.4173806609547,1029.4173806609547,,,0.0
2393,2011-09-07,5,0,2,0,16251,0,16251,0,16640075,0,16640075,0,1023.941603593625,1023.941603593625,,,0.0
2394,2011-09-06,5,0,1,0,12349,0,12349,0,13039795,0,13039795,0,1055.9393473155721,1055.9393473155721,,,0.0
2395,2011-09-05,4,0,3,0,5275,0,5275,0,5481753,0,5481753,0,1039.1948815165877,1039.1948815165877,,,0.0
2396,2011-09-04,5,0,4,0,36311,0,36311,0,39290035,0,39290035,0,1082.0422186114401,1082.0422186114401,,,0.0
2397,2011-09-03,1,0,1,0,60,0,60,0,68400,0,68400,0,1140.0,1140.0,,,0.0
2398,2011-08-30,3,0,3,0,5377,0,5377,0,5962509,0,5962509,0,1108.8913892505113,1108.8913892505113,,,0.0
2399,2011-08-27,4,0,3,0,11960,0,11960,0,13176340,0,13176340,0,1101.700668896321,1101.700668896321,,,0.0
2400,2011-08-24,3,0,3,0,6824,0,6824,0,7643794,0,7643794,0,1120.133939038687,1120.133939038687,,,0.0
2401,2011-08-23,2,0,5,0,16710,0,16710,0,19474930,0,19474930,0,1165.4655894673847,1165.4655894673847,,,0.0
2402,2011-08-16,1,0,2,0,3400,0,3400,0,3855600,0,3855600,0,1134.0,1134.0,,,0.0
2403,2011-08-15,5,0,7,0,29554,0,29554,0,33473264,0,33473264,0,1132.6136563578534,1132.6136563578534,,,0.0
2404,2011-08-13,4,0,2,0,2610,0,2610,0,2816045,0,2816045,0,1078.9444444444443,1078.9444444444443,,,0.0
2405,2011-08-10,3,0,5,0,20086,0,20086,0,22203876,0,22203876,0,1105.4404062531116,1105.4404062531116,,,0.0
2406,2011-08-09,4,0,10,0,47141,0,47141,0,52366939,0,52366939,0,1110.8576186334612,1110.8576186334612,,,0.0
2407,2011-08-08,4,0,3,0,14420,0,14420,0,16284600,0,16284600,0,1129.3065187239945,1129.3065187239945,,,0.0
2408,2011-08-07,4,0,3,0,16224,0,16224,0,18842720,0,18842720,0,1161.4102564102564,1161.4102564102564,,,0.0
2409,2011-08-06,5,0,4,0,36800,0,36800,0,44244400,0,44244400,0,1202.2934782608695,1202.2934782608695,,,0.0
2410,2011-08-03,6,0,7,0,117166,0,117166,0,141536528,0,141536528,0,1208.0,1208.0,,,0.0
2411,2011-08-02,1,0,3,0,4085,0,4085,0,4902000,0,4902000,0,1200.0,1200.0,,,0.0
2412,2011-08-01,1,0,1,0,1400,0,1400,0,1675800,0,1675800,0,1197.0,1197.0,,,0.0
2413,2011-07-30,2,0,2,0,6136,0,6136,0,7271160,0,7271160,0,1185.0,1185.0,,,0.0
2414,2011-07-27,11,0,5,0,132576,0,132576,0,151136640,0,151136640,0,1140.0,1140.0,,,0.0
2415,2011-07-25,4,0,2,0,24000,0,24000,0,26352000,0,26352000,0,1098.0,1098.0,,,0.0
2416,2011-07-24,5,0,4,0,31075,0,31075,0,32803200,0,32803200,0,1055.6138374899438,1055.6138374899438,,,0.0
2417,2011-07-23,3,0,3,0,4637,0,4637,0,4864213,0,4864213,0,1049.0,1049.0,,,0.0
2418,2011-07-20,1,0,1,0,1000,0,1000,0,1047000,0,1047000,0,1047.0,1047.0,,,0.0
2419,2011-07-19,1,0,5,0,10000,0,10000,0,10297000,0,10297000,0,1029.7,1029.7,,,0.0
2420,2011-07-18,5,0,2,0,32756,0,32756,0,32506466,0,32506466,0,992.3820368787398,992.3820368787398,,,0.0
2421,2011-07-16,5,0,4,0,20535,0,20535,0,20843025,0,20843025,0,1015.0,1015.0,,,0.0
2422,2011-07-13,2,0,3,0,12084,0,12084,0,12035664,0,12035664,0,996.0,996.0,,,0.0
2423,2011-07-12,4,0,3,0,30000,0,30000,0,28740000,0,28740000,0,958.0,958.0,,,0.0
2424,2011-07-11,9,0,8,1,208500,0,89224,119276,192278409,0,82273108,110005301,922.1986043165467,922.0961624674975,,922.2752355880478,119276.0
2425,2011-07-10,2,0,1,0,2399,0,2399,0,2216676,0,2216676,0,924.0,924.0,,,0.0
2426,2011-07-09,8,0,4,1,21414,0,19561,1853,20504643,0,18677585,1827058,957.5344634351359,954.8379428454577,,986.0,1853.0
2427,2011-07-06,6,0,5,0,18110,0,18110,0,17718162,0,17718162,0,978.3634456101602,978.3634456101602,,,0.0
2428,2011-07-05,1,0,1,1,10000,0,2000,8000,9860000,0,1972000,7888000,986.0,986.0,,986.0,8000.0
2429,2011-07-04,2,0,0,1,3000,0,0,3000,2973000,0,0,2973000,991.0,,,991.0,3000.0
2430,2011-07-03,6,0,1,1,14240,0,2840,11400,14697520,0,2919520,11778000,1032.129213483146,1028.0,,1033.157894736842,11400.0
2431,2011-06-27,1,0,2,0,1000,0,1000,0,1119000,0,1119000,0,1119.0,1119.0,,,0.0
2432,2011-06-25,2,0,3,0,9325,0,9325,0,10638750,0,10638750,0,1140.8847184986596,1140.8847184986596,,,0.0
2433,2011-06-22,7,0,6,0,34239,0,34239,0,40402020,0,40402020,0,1180.0,1180.0,,,0.0
2434,2011-06-21,4,0,3,0,8858,0,8858,0,10886635,0,10886635,0,1229.017272522014,1229.017272522014,,,0.0
2435,2011-06-13,2,0,2,0,1010,0,1010,0,1351460,0,1351460,0,1338.079207920792,1338.079207920792,,,0.0
2436,2011-06-12,2,0,1,0,601,0,601,0,833290,0,833290,0,1386.5058236272878,1386.5058236272878,,,0.0
2437,2011-06-08,3,0,3,0,6442,0,6442,0,8709723,0,8709723,0,1352.0215771499534,1352.0215771499534,,,0.0
2438,2011-06-07,13,0,4,0,25601,0,25601,0,36044309,0,36044309,0,1407.9258232100308,1407.9258232100308,,,0.0
2439,2011-06-06,23,0,2,1,204817,0,4817,200000,285105264,0,6705264,278400000,1392.0,1392.0,,1392.0,200000.0
2440,2011-06-01,22,0,6,2,206819,0,40819,166000,276928347,0,54654347,222274000,1338.9889081757478,1338.9438006810553,,1339.0,166000.0
2441,2011-05-31,16,0,1,2,192583,0,1073,191510,247996831,0,1380951,246615880,1287.739992626556,1287.0,,1287.744138687275,191510.0
2442,2011-05-29,1,0,1,1,1073,0,73,1000,1277943,0,86943,1191000,1191.0,1191.0,,1191.0,1000.0
2443,2011-05-24,1,0,0,1,1000,0,0,1000,1189000,0,0,1189000,1189.0,,,1189.0,1000.0
2444,2011-05-23,1,0,3,2,17065,0,3232,13833,19518620,0,3693668,15824952,1143.7808379724584,1142.8428217821781,,1144.0,13833.0
2445,2011-05-18,3,0,3,0,4316,0,4316,0,4540432,0,4540432,0,1052.0,1052.0,,,0.0
2446,2011-05-10,1,0,1,0,772,0,772,0,811372,0,811372,0,1051.0,1051.0,,,0.0
2447,2011-05-02,4,0,1,1,20000,0,2000,18000,20380000,0,2038000,18342000,1019.0,1019.0,,1019.0,18000.0
2448,2011-04-27,1,0,1,0,74,0,74,0,74000,0,74000,0,1000.0,1000.0,,,0.0
2449,2011-04-26,3,0,0,1,17514,0,0,17514,16992468,0,0,16992468,970.2219938335046,,,970.2219938335046,17514.0
2450,2011-04-25,5,0,1,1,16750,0,137,16613,16565750,0,135493,16430257,989.0,989.0,,989.0,16613.0
2451,2011-04-12,1,0,0,1,1590,0,0,1590,4973520,0,0,4973520,3128.0,,,3128.0,1590.0
2452,2011-04-10,0,2,1,1,0,1900,613,1287,0,5962200,1923594,4038606,,3138.0,3138.0,3138.0,-613.0
2453,2011-04-09,2,0,3,2,10623,0,2648,7975,33908616,0,8452416,25456200,3192.0,3192.0,,3192.0,7975.0
2454,2011-04-04,1,0,1,0,250,0,250,0,798500,0,798500,0,3194.0,3194.0,,,0.0
2455,2011-04-03,1,0,2,0,305,0,305,0,974170,0,974170,0,3194.0,3194.0,,,0.0
2456,2011-03-13,1,0,3,0,1240,0,1240,0,3969240,0,3969240,0,3201.0,3201.0,,,0.0
2457,2011-03-08,1,0,2,0,613,0,613,0,1964052,0,1964052,0,3204.0,3204.0,,,0.0
2458,2011-03-07,1,0,1,0,100,0,100,0,320500,0,320500,0,3205.0,3205.0,,,0.0
2459,2011-03-06,1,0,1,0,1,0,1,0,3338,0,3338,0,3338.0,3338.0,,,0.0
2460,2011-03-05,1,0,2,0,5,0,5,0,17383,0,17383,0,3476.6,3476.6,,,0.0
2461,2011-03-02,1,0,0,1,1,0,0,1,3903,0,0,3903,3903.0,,,3903.0,1.0
2462,2011-03-01,1,0,1,1,5,0,1,4,21210,0,4382,16828,4242.0,4382.0,,4207.0,4.0
2463,2011-02-19,2,0,0,2,168,0,0,168,800046,0,0,800046,4762.178571428572,,,4762.178571428572,168.0
2464,2011-02-16,1,0,0,1,1,0,0,1,5390,0,0,5390,5390.0,,,5390.0,1.0
2465,2011-02-13,2,0,1,0,101,0,101,0,567014,0,567014,0,5614.0,5614.0,,,0.0
2466,2011-02-12,1,0,0,1,5,0,0,5,29235,0,0,29235,5847.0,,,5847.0,5.0
2467,2011-02-09,3,0,5,0,1085,0,1085,0,6607940,0,6607940,0,6090.267281105991,6090.267281105991,,,0.0
2468,2011-02-08,1,0,1,0,10,0,10,0,66947,0,66947,0,6694.7,6694.7,,,0.0
2469,2010-12-07,1,0,1,0,411,0,411,0,2979750,0,2979750,0,7250.0,7250.0,,,0.0
